overfit <class 'list'>
error_val for overfit.txt: [79569.63536912124, 3625792.834235452]
0 ////////////////////////////////////////////////////////////////////////
idx: 0 	 error_val: [5.164841480363337e+32, 7.524873054940278e+32]
idx: 1 	 error_val: [9.52180986554878e+31, 1.3828277981310277e+32]
idx: 2 	 error_val: [5.134289237997862e+33, 7.204159277492774e+33]
idx: 3 	 error_val: [1.4582549421077807e+32, 1.840256546083557e+32]
idx: 4 	 error_val: [5.256838889227203e+34, 7.270259676377832e+34]
idx: 5 	 error_val: [4.030410361129126e+34, 5.567994973071176e+34]
idx: 6 	 error_val: [1.2702290577338192e+34, 1.750035233484844e+34]
idx: 7 	 error_val: [1.7660280665270714e+32, 2.5502449462881178e+32]
idx: 8 	 error_val: [8.593413384638626e+33, 1.1949688021213772e+34]
idx: 9 	 error_val: [2.0904364627520953e+34, 2.92399345893177e+34]
idx: 10 	 error_val: [3.435273139049242e+33, 4.6799286658063536e+33]
idx: 11 	 error_val: [1.8813658147306488e+34, 2.603546693427572e+34]
idx: 12 	 error_val: [9.692672795190065e+32, 1.3756691982858902e+33]
idx: 13 	 error_val: [1.5864740655452616e+32, 2.453125629586394e+32]
idx: 14 	 error_val: [8.038455629013651e+33, 1.0947991178577317e+34]
idx: 15 	 error_val: [5.063412954762699e+34, 7.029641812211007e+34]
idx: 16 	 error_val: [1.2898227491181226e+34, 1.7902337883685863e+34]
idx: 17 	 error_val: [5.467107802123298e+34, 7.637866114517344e+34]
idx: 18 	 error_val: [3.853399813614926e+31, 6.80068761280567e+31]
idx: 19 	 error_val: [5.240714936596735e+33, 7.355245479901207e+33]
idx: 20 	 error_val: [2.0544699932720907e+31, 2.5675146886230153e+31]
idx: 21 	 error_val: [4.583168870594655e+34, 6.321584531388563e+34]
idx: 22 	 error_val: [3.329202832236414e+34, 4.641119209060118e+34]
idx: 23 	 error_val: [1.295618616682236e+33, 1.706574690521879e+33]
idx: 24 	 error_val: [2.084568145243876e+33, 2.933480694391858e+33]
population [[-9.05091397 -6.6761717  -8.13871642  3.90513275  1.52180066 -8.84088237
   6.29965609  8.13589132  4.29687311 -4.92735179  0.97276498]
 [ 8.44756441 -4.77416571 -1.64124701 -0.70198425  8.11304641 -8.93698864
   5.36172934 -8.54608034 -8.84091108 -1.96657753  0.42218876]
 [ 3.70869531 -7.82928367 -4.86220544  4.79098723 -7.07834944  0.26921654
  -8.94937162  3.26855659 -5.41074796  4.15525393 -3.0282535 ]
 [ 2.72072052 -5.46281658  6.49885295  5.01200146 -3.77446178 -1.03564485
   5.53573596  5.12342045  5.06018715 -4.75065544 -0.4753753 ]
 [ 4.55822584  4.3096393  -2.69529322 -9.27790341  2.66550144  8.87997229
  -6.26677588 -2.25494267 -3.43491862 -0.5625025  -9.62851552]
 [-4.26052731  0.13743212  3.6168372  -8.52096008 -7.20373777 -6.88041093
   8.05826094 -5.89435163 -0.55438952 -1.41102329 -8.42718828]
 [-8.42902164 -2.25125289 -6.23775388  2.68300209 -9.47061378 -0.0650971
  -9.17310641  6.97649414 -2.87516046  2.07678036  4.72561019]
 [-1.61100317  4.86109135  8.84114711  2.25180782  8.01359811 -4.87077359
  -0.04762946  4.41020677  6.22166428 -2.38378819  0.56556262]
 [-2.40890411  5.20055146  1.47157686 -2.31767788 -7.09866375  3.87668209
   4.77242507  8.38834839  9.49326723 -1.88907656  3.89994565]
 [ 2.12971211  1.21206284  3.80278879  1.18221882  5.03912373  1.74387846
   9.74900414  1.27303248 -4.67958891  6.48306646 -6.1044734 ]
 [-9.13901795 -4.39994458  7.67980423 -8.09900224  4.56708953  6.46774138
   9.92275588  2.77166366 -1.50072657 -3.83778389 -2.44069759]
 [-3.04289291 -6.35137821 -5.95029957 -4.64463925 -3.54619438  1.71471817
   9.09371513 -6.55401352  6.97949775  0.01296481 -5.76612347]
 [ 2.7036969   4.49180603 -9.74767467 -6.14148697 -8.51030706 -1.26903783
  -0.13034393  4.75701085 -4.65052293 -3.2942256   1.32541203]
 [-8.95667907 -9.3512788  -9.66712895  2.22921526  7.54335856 -9.90103042
   7.66678661  4.45211631  9.24421815 -6.03162146  0.54091688]
 [-4.55565655  9.46637148 -7.58827528 -8.92338613 -8.01194152 -8.52954628
  -9.01122535  8.35434163 -3.14549803  5.96830864  3.7354369 ]
 [-2.36930921 -7.97736121  2.71610925  5.25535452 -3.78016233  4.68512883
  -8.0452864  -1.16874154  9.2474539  -3.05322302  9.46544366]
 [ 5.43712032  1.03020017 -0.44838592  0.36446376 -6.31186833 -2.85110566
  -0.87222609 -7.91603083 -0.10144079 -1.41581455  4.7789076 ]
 [-5.07726637 -5.12875119  9.78213281  5.97819695 -0.17586237 -0.72131051
  -2.22439698  7.0861002   7.80578663 -9.30543412  9.86636717]
 [ 4.7796035  -7.98504601  3.30298067  8.86228173 -5.1269279  -5.72713997
  -9.18853778 -6.99471823  1.43025973  7.61277552 -0.24694921]
 [-3.30611631  2.44843126 -5.27260861 -7.44282584 -5.20839648 -5.03566115
   0.07168792 -4.7755894  -3.55315265  4.27175065 -3.0606848 ]
 [-7.15631789 -3.30475973  5.16298118  7.77208808 -4.38623492  4.71668097
   4.95075907  1.69177812 -6.93313602  8.23313333  0.04273349]
 [-1.08089075 -5.04404766 -3.63623648 -1.37248804 -1.20801419 -1.97754399
   6.04077716  0.56173404 -7.30044566  2.92977244  8.9826417 ]
 [ 3.00456167  4.68913185 -3.10784427  4.32364137 -0.73676609  4.6627218
   0.16397939 -7.47272131 -9.68719695  5.62734567 -7.68973522]
 [-3.03169174  4.68598979 -9.63861866 -6.83019516 -8.62591851  3.39918295
   1.38619856  8.42046772  8.64935571  7.46131253  1.46167709]
 [ 4.77068551  6.25694686 -6.24777004  7.94837155  8.50589009  9.09751232
  -3.38441161 -9.47302971  2.99685057  3.2032732  -1.93502922]]
----------------------------------------------
new population [[-7.15631789 -3.30475973  5.16298118  7.77208808 -4.38623492  4.71668097
   4.95075907  1.69177812 -6.93313602  8.23313333  0.04273349]
 [ 4.7796035  -7.98504601  3.30298067  8.86228173 -5.1269279  -5.72713997
  -9.18853778 -6.99471823  1.43025973  7.61277552 -0.24694921]
 [ 8.44756441 -4.77416571 -1.64124701 -0.70198425  8.11304641 -8.93698864
   5.36172934 -8.54608034 -8.84091108 -1.96657753  0.42218876]
 [ 2.72072052 -5.46281658  6.49885295  5.01200146 -3.77446178 -1.03564485
   5.53573596  5.12342045  5.06018715 -4.75065544 -0.4753753 ]
 [-8.95667907 -9.3512788  -9.66712895  2.22921526  7.54335856 -9.90103042
   7.66678661  4.45211631  9.24421815 -6.03162146  0.54091688]
 [ 8.44756441 -4.77416571 -1.64124701  3.26855659 -7.07834944  0.26921654
  -8.94937162 -0.70198425 -5.41074796  4.15525393 -3.0282535 ]
 [ 3.70869531 -7.82928367 -4.86220544  4.79098723  8.11304641 -8.93698864
   5.36172934 -8.54608034 -8.84091108 -1.96657753  0.42218876]
 [ 4.55822584  0.97276498 -2.69529322 -9.27790341  1.52180066 -8.84088237
   6.29965609  8.13589132  4.29687311 -4.92735179  4.3096393 ]
 [-9.05091397 -2.25494267 -8.13871642 -6.26677588  8.87997229  2.66550144
   3.90513275 -6.6761717  -3.43491862 -0.5625025  -9.62851552]
 [-1.03564485  5.06018715 -8.13871642  3.90513275 -3.77446178 -9.05091397
   5.53573596  5.12342045 -6.6761717  -4.75065544 -0.4753753 ]
 [ 4.29687311 -5.46281658  6.49885295 -4.92735179  1.52180066 -8.84088237
   6.29965609  8.13589132  2.72072052  5.01200146  0.97276498]
 [ 2.72072052 -4.92735179  6.49885295  5.01200146  4.29687311 -8.84088237
   6.29965609  8.13589132  1.52180066 -5.46281658  0.97276498]
 [-9.05091397 -6.6761717  -8.13871642  3.90513275 -3.77446178 -1.03564485
   5.53573596  5.12342045  5.06018715 -4.75065544 -0.4753753 ]
 [ 2.72072052  0.42218876  6.49885295  5.01200146  8.11304641 -8.93698864
   5.36172934 -8.54608034 -8.84091108 -1.96657753 -5.46281658]
 [ 8.44756441 -4.77416571 -4.75065544  5.12342045  5.53573596 -1.03564485
  -3.77446178 -0.70198425  5.06018715 -1.64124701 -0.4753753 ]
 [ 4.55822584  4.3096393  -2.69529322 -9.27790341 -7.07834944  0.26921654
  -8.94937162  3.26855659 -5.41074796  4.15525393 -3.0282535 ]
 [ 3.70869531 -7.82928367 -3.43491862  4.79098723  2.66550144  8.87997229
  -6.26677588 -2.25494267 -4.86220544 -0.5625025  -9.62851552]
 [ 2.72072052 -5.46281658  6.49885295  5.01200146  6.29965609 -8.84088237
   1.52180066  8.13589132  4.29687311 -4.92735179  0.97276498]
 [-9.05091397 -6.6761717  -8.13871642  5.12342045 -3.77446178 -1.03564485
   5.53573596  3.90513275  5.06018715 -4.75065544 -0.4753753 ]
 [ 8.44756441 -4.77416571  0.97276498 -0.70198425  1.52180066 -8.84088237
   6.29965609  8.13589132  4.29687311 -4.92735179 -1.64124701]
 [-9.05091397 -6.6761717  -8.13871642  3.90513275  5.36172934 -8.93698864
   8.11304641 -8.54608034 -8.84091108 -1.96657753  0.42218876]
 [ 2.72072052 -5.46281658  4.29687311  5.01200146  1.52180066 -8.84088237
   6.29965609  8.13589132  6.49885295 -4.92735179  0.97276498]
 [ 5.06018715 -6.6761717  -8.13871642  3.90513275 -3.77446178 -1.03564485
   5.53573596  5.12342045 -9.05091397 -4.75065544 -0.4753753 ]
 [ 8.44756441 -4.77416571 -1.64124701 -8.84088237  1.52180066 -0.70198425
   6.29965609  8.13589132  4.29687311 -4.92735179  0.97276498]
 [-9.05091397  0.42218876 -8.13871642  3.90513275  8.11304641 -8.93698864
   5.36172934 -8.54608034 -8.84091108 -1.96657753 -6.6761717 ]]
1 ////////////////////////////////////////////////////////////////////////
idx: 0 	 error_val: [2.0544699932720907e+31, 2.5675146886230153e+31]
idx: 1 	 error_val: [3.853399813614926e+31, 6.80068761280567e+31]
idx: 2 	 error_val: [9.52180986554878e+31, 1.3828277981310277e+32]
idx: 3 	 error_val: [1.4582549421077807e+32, 1.840256546083557e+32]
idx: 4 	 error_val: [1.5864740655452616e+32, 2.453125629586394e+32]
idx: 5 	 error_val: [5.1343154146765583e+33, 7.204164860311379e+33]
idx: 6 	 error_val: [9.521809865584773e+31, 1.3828277981355674e+32]
idx: 7 	 error_val: [1.0413263537843512e+34, 1.4577415008474621e+34]
idx: 8 	 error_val: [5.256847256762214e+34, 7.270260417631709e+34]
idx: 9 	 error_val: [1.4888749234988812e+32, 1.8809970213450756e+32]
idx: 10 	 error_val: [5.7264928057461384e+32, 7.53894282238075e+32]
idx: 11 	 error_val: [5.135049506486378e+32, 7.52438358324013e+32]
idx: 12 	 error_val: [1.4582549421166634e+32, 1.8402565460957524e+32]
idx: 13 	 error_val: [1.6995070112709273e+34, 2.3433159224023467e+34]
idx: 14 	 error_val: [1.3201892348881184e+32, 1.765640217920401e+32]
idx: 15 	 error_val: [5.134289238013042e+33, 7.204159277512981e+33]
idx: 16 	 error_val: [5.257558469163672e+34, 7.271250068761866e+34]
idx: 17 	 error_val: [5.164830432508935e+32, 7.524857742110275e+32]
idx: 18 	 error_val: [1.4582834422009502e+32, 1.8402810948450976e+32]
idx: 19 	 error_val: [1.5759163048477327e+33, 2.117101761574105e+33]
idx: 20 	 error_val: [9.521837192436425e+31, 1.3828315832236457e+32]
idx: 21 	 error_val: [5.1758087915135146e+32, 7.54024559324145e+32]
idx: 22 	 error_val: [1.495111150500564e+32, 1.889296181327993e+32]
idx: 23 	 error_val: [5.16484151906073e+32, 7.524873058530741e+32]
idx: 24 	 error_val: [2.5358600910686164e+34, 3.4987947488801633e+34]
population [[-7.15631789 -3.30475973  5.16298118  7.77208808 -4.38623492  4.71668097
   4.95075907  1.69177812 -6.93313602  8.23313333  0.04273349]
 [ 4.7796035  -7.98504601  3.30298067  8.86228173 -5.1269279  -5.72713997
  -9.18853778 -6.99471823  1.43025973  7.61277552 -0.24694921]
 [ 8.44756441 -4.77416571 -1.64124701 -0.70198425  8.11304641 -8.93698864
   5.36172934 -8.54608034 -8.84091108 -1.96657753  0.42218876]
 [ 2.72072052 -5.46281658  6.49885295  5.01200146 -3.77446178 -1.03564485
   5.53573596  5.12342045  5.06018715 -4.75065544 -0.4753753 ]
 [-8.95667907 -9.3512788  -9.66712895  2.22921526  7.54335856 -9.90103042
   7.66678661  4.45211631  9.24421815 -6.03162146  0.54091688]
 [ 8.44756441 -4.77416571 -1.64124701  3.26855659 -7.07834944  0.26921654
  -8.94937162 -0.70198425 -5.41074796  4.15525393 -3.0282535 ]
 [ 3.70869531 -7.82928367 -4.86220544  4.79098723  8.11304641 -8.93698864
   5.36172934 -8.54608034 -8.84091108 -1.96657753  0.42218876]
 [ 4.55822584  0.97276498 -2.69529322 -9.27790341  1.52180066 -8.84088237
   6.29965609  8.13589132  4.29687311 -4.92735179  4.3096393 ]
 [-9.05091397 -2.25494267 -8.13871642 -6.26677588  8.87997229  2.66550144
   3.90513275 -6.6761717  -3.43491862 -0.5625025  -9.62851552]
 [-1.03564485  5.06018715 -8.13871642  3.90513275 -3.77446178 -9.05091397
   5.53573596  5.12342045 -6.6761717  -4.75065544 -0.4753753 ]
 [ 4.29687311 -5.46281658  6.49885295 -4.92735179  1.52180066 -8.84088237
   6.29965609  8.13589132  2.72072052  5.01200146  0.97276498]
 [ 2.72072052 -4.92735179  6.49885295  5.01200146  4.29687311 -8.84088237
   6.29965609  8.13589132  1.52180066 -5.46281658  0.97276498]
 [-9.05091397 -6.6761717  -8.13871642  3.90513275 -3.77446178 -1.03564485
   5.53573596  5.12342045  5.06018715 -4.75065544 -0.4753753 ]
 [ 2.72072052  0.42218876  6.49885295  5.01200146  8.11304641 -8.93698864
   5.36172934 -8.54608034 -8.84091108 -1.96657753 -5.46281658]
 [ 8.44756441 -4.77416571 -4.75065544  5.12342045  5.53573596 -1.03564485
  -3.77446178 -0.70198425  5.06018715 -1.64124701 -0.4753753 ]
 [ 4.55822584  4.3096393  -2.69529322 -9.27790341 -7.07834944  0.26921654
  -8.94937162  3.26855659 -5.41074796  4.15525393 -3.0282535 ]
 [ 3.70869531 -7.82928367 -3.43491862  4.79098723  2.66550144  8.87997229
  -6.26677588 -2.25494267 -4.86220544 -0.5625025  -9.62851552]
 [ 2.72072052 -5.46281658  6.49885295  5.01200146  6.29965609 -8.84088237
   1.52180066  8.13589132  4.29687311 -4.92735179  0.97276498]
 [-9.05091397 -6.6761717  -8.13871642  5.12342045 -3.77446178 -1.03564485
   5.53573596  3.90513275  5.06018715 -4.75065544 -0.4753753 ]
 [ 8.44756441 -4.77416571  0.97276498 -0.70198425  1.52180066 -8.84088237
   6.29965609  8.13589132  4.29687311 -4.92735179 -1.64124701]
 [-9.05091397 -6.6761717  -8.13871642  3.90513275  5.36172934 -8.93698864
   8.11304641 -8.54608034 -8.84091108 -1.96657753  0.42218876]
 [ 2.72072052 -5.46281658  4.29687311  5.01200146  1.52180066 -8.84088237
   6.29965609  8.13589132  6.49885295 -4.92735179  0.97276498]
 [ 5.06018715 -6.6761717  -8.13871642  3.90513275 -3.77446178 -1.03564485
   5.53573596  5.12342045 -9.05091397 -4.75065544 -0.4753753 ]
 [ 8.44756441 -4.77416571 -1.64124701 -8.84088237  1.52180066 -0.70198425
   6.29965609  8.13589132  4.29687311 -4.92735179  0.97276498]
 [-9.05091397  0.42218876 -8.13871642  3.90513275  8.11304641 -8.93698864
   5.36172934 -8.54608034 -8.84091108 -1.96657753 -6.6761717 ]]
----------------------------------------------
new population [[-7.15631789 -3.30475973  5.16298118  7.77208808 -4.38623492  4.71668097
   4.95075907  1.69177812 -6.93313602  8.23313333  0.04273349]
 [ 4.7796035  -7.98504601  3.30298067  8.86228173 -5.1269279  -5.72713997
  -9.18853778 -6.99471823  1.43025973  7.61277552 -0.24694921]
 [ 8.44756441 -4.77416571 -1.64124701 -0.70198425  8.11304641 -8.93698864
   5.36172934 -8.54608034 -8.84091108 -1.96657753  0.42218876]
 [ 3.70869531 -7.82928367 -4.86220544  4.79098723  8.11304641 -8.93698864
   5.36172934 -8.54608034 -8.84091108 -1.96657753  0.42218876]
 [-9.05091397 -6.6761717  -8.13871642  3.90513275  5.36172934 -8.93698864
   8.11304641 -8.54608034 -8.84091108 -1.96657753  0.42218876]
 [-6.03162146  4.45211631  5.16298118  7.77208808  7.54335856 -9.90103042
   7.66678661 -3.30475973  9.24421815 -7.15631789  0.54091688]
 [ 4.71668097 -9.3512788  -9.66712895 -8.95667907 -4.38623492  2.22921526
   4.95075907  1.69177812 -6.93313602  8.23313333  0.04273349]
 [ 2.72072052  1.69177812  6.49885295  5.01200146 -4.38623492  4.71668097
   4.95075907 -5.46281658 -6.93313602  8.23313333  0.04273349]
 [-7.15631789  5.06018715  5.12342045  5.53573596 -3.77446178 -1.03564485
   7.77208808  5.16298118 -3.30475973 -4.75065544 -0.4753753 ]
 [ 4.7796035  -7.98504601  3.30298067  8.86228173 -3.77446178 -1.03564485
   5.53573596  5.12342045  5.06018715 -4.75065544 -0.4753753 ]
 [ 2.72072052 -5.46281658  6.49885295  5.01200146  7.61277552 -5.72713997
  -9.18853778 -6.99471823  1.43025973 -5.1269279  -0.24694921]
 [ 1.69177812 -4.77416571 -1.64124701 -0.70198425 -4.38623492  4.71668097
   4.95075907  8.44756441 -6.93313602  8.23313333  0.04273349]
 [-7.15631789  5.36172934  5.16298118  7.77208808  8.11304641 -8.93698864
  -3.30475973 -8.54608034 -8.84091108 -1.96657753  0.42218876]
 [-7.15631789 -3.30475973  5.16298118  7.77208808  7.54335856 -9.90103042
   7.66678661  4.45211631  9.24421815 -6.03162146  0.54091688]
 [-8.95667907 -9.3512788   0.04273349  4.71668097 -4.38623492  2.22921526
   4.95075907  1.69177812 -6.93313602  8.23313333 -9.66712895]
 [ 8.44756441 -0.4753753  -1.64124701 -0.70198425  5.06018715 -1.03564485
   5.53573596  5.12342045 -3.77446178 -4.75065544 -4.77416571]
 [-8.84091108 -5.46281658  5.36172934  5.01200146  8.11304641 -8.93698864
   6.49885295 -8.54608034  2.72072052 -1.96657753  0.42218876]
 [-7.15631789 -3.30475973  5.16298118  7.77208808  7.54335856 -9.90103042
   7.66678661  4.45211631  9.24421815 -6.03162146  0.54091688]
 [-8.95667907  4.95075907 -9.66712895  1.69177812 -4.38623492  4.71668097
  -9.3512788   2.22921526 -6.93313602  8.23313333  0.04273349]
 [ 8.44756441 -4.77416571 -1.64124701 -0.70198425 -4.38623492  4.71668097
   4.95075907  1.69177812 -6.93313602  8.23313333  0.04273349]
 [-7.15631789 -3.30475973  5.16298118  7.77208808  8.11304641 -8.93698864
   5.36172934 -8.54608034 -8.84091108 -1.96657753  0.42218876]
 [ 4.7796035  -7.98504601 -6.93313602  8.86228173 -4.38623492  4.71668097
   4.95075907  1.69177812  3.30298067  8.23313333  0.04273349]
 [-7.15631789 -3.30475973  5.16298118  7.77208808 -5.1269279  -5.72713997
  -9.18853778 -6.99471823  1.43025973  7.61277552 -0.24694921]
 [ 4.7796035  -7.98504601  3.30298067  8.86228173  4.95075907  4.71668097
  -4.38623492  1.69177812 -6.93313602  8.23313333  0.04273349]
 [-7.15631789 -3.30475973  5.16298118  7.77208808 -6.99471823 -5.72713997
  -9.18853778 -5.1269279   1.43025973  7.61277552 -0.24694921]]
2 ////////////////////////////////////////////////////////////////////////
idx: 0 	 error_val: [2.0544699932720907e+31, 2.5675146886230153e+31]
idx: 1 	 error_val: [3.853399813614926e+31, 6.80068761280567e+31]
idx: 2 	 error_val: [9.52180986554878e+31, 1.3828277981310277e+32]
idx: 3 	 error_val: [9.521809865584773e+31, 1.3828277981355674e+32]
idx: 4 	 error_val: [9.521837192436425e+31, 1.3828315832236457e+32]
idx: 5 	 error_val: [1.5894032988869243e+32, 2.505237082532969e+32]
idx: 6 	 error_val: [2.0544697503208124e+31, 2.567514362032588e+31]
idx: 7 	 error_val: [2.052969218128206e+31, 2.5655286020568783e+31]
idx: 8 	 error_val: [1.4800410518537676e+32, 1.8692423446143824e+32]
idx: 9 	 error_val: [1.4582549420909374e+32, 1.8402565460607688e+32]
idx: 10 	 error_val: [4.865345461108059e+31, 5.731162714181161e+31]
idx: 11 	 error_val: [2.0558876438315023e+31, 2.56939079584773e+31]
idx: 12 	 error_val: [9.52172374761754e+31, 1.3828158698434548e+32]
idx: 13 	 error_val: [1.5864740655448437e+32, 2.4531256295853357e+32]
idx: 14 	 error_val: [5.252763771415028e+34, 7.331641967288555e+34]
idx: 15 	 error_val: [1.306020279351537e+34, 1.7894129909059992e+34]
idx: 16 	 error_val: [9.770711679339204e+31, 1.4176692785152821e+32]
idx: 17 	 error_val: [1.5864740655448437e+32, 2.4531256295853357e+32]
idx: 18 	 error_val: [2.0545565630604397e+31, 2.5676353347070795e+31]
idx: 19 	 error_val: [2.0544699928842744e+31, 2.5675146880916135e+31]
idx: 20 	 error_val: [9.521809865630049e+31, 1.3828277981415341e+32]
idx: 21 	 error_val: [2.098052660637176e+31, 2.6061666073283046e+31]
idx: 22 	 error_val: [3.853399813580497e+31, 6.8006876127582035e+31]
idx: 23 	 error_val: [2.054452904166905e+31, 2.56749604339713e+31]
idx: 24 	 error_val: [3.8536293480969567e+31, 6.8011189036762005e+31]
population [[-7.15631789 -3.30475973  5.16298118  7.77208808 -4.38623492  4.71668097
   4.95075907  1.69177812 -6.93313602  8.23313333  0.04273349]
 [ 4.7796035  -7.98504601  3.30298067  8.86228173 -5.1269279  -5.72713997
  -9.18853778 -6.99471823  1.43025973  7.61277552 -0.24694921]
 [ 8.44756441 -4.77416571 -1.64124701 -0.70198425  8.11304641 -8.93698864
   5.36172934 -8.54608034 -8.84091108 -1.96657753  0.42218876]
 [ 3.70869531 -7.82928367 -4.86220544  4.79098723  8.11304641 -8.93698864
   5.36172934 -8.54608034 -8.84091108 -1.96657753  0.42218876]
 [-9.05091397 -6.6761717  -8.13871642  3.90513275  5.36172934 -8.93698864
   8.11304641 -8.54608034 -8.84091108 -1.96657753  0.42218876]
 [-6.03162146  4.45211631  5.16298118  7.77208808  7.54335856 -9.90103042
   7.66678661 -3.30475973  9.24421815 -7.15631789  0.54091688]
 [ 4.71668097 -9.3512788  -9.66712895 -8.95667907 -4.38623492  2.22921526
   4.95075907  1.69177812 -6.93313602  8.23313333  0.04273349]
 [ 2.72072052  1.69177812  6.49885295  5.01200146 -4.38623492  4.71668097
   4.95075907 -5.46281658 -6.93313602  8.23313333  0.04273349]
 [-7.15631789  5.06018715  5.12342045  5.53573596 -3.77446178 -1.03564485
   7.77208808  5.16298118 -3.30475973 -4.75065544 -0.4753753 ]
 [ 4.7796035  -7.98504601  3.30298067  8.86228173 -3.77446178 -1.03564485
   5.53573596  5.12342045  5.06018715 -4.75065544 -0.4753753 ]
 [ 2.72072052 -5.46281658  6.49885295  5.01200146  7.61277552 -5.72713997
  -9.18853778 -6.99471823  1.43025973 -5.1269279  -0.24694921]
 [ 1.69177812 -4.77416571 -1.64124701 -0.70198425 -4.38623492  4.71668097
   4.95075907  8.44756441 -6.93313602  8.23313333  0.04273349]
 [-7.15631789  5.36172934  5.16298118  7.77208808  8.11304641 -8.93698864
  -3.30475973 -8.54608034 -8.84091108 -1.96657753  0.42218876]
 [-7.15631789 -3.30475973  5.16298118  7.77208808  7.54335856 -9.90103042
   7.66678661  4.45211631  9.24421815 -6.03162146  0.54091688]
 [-8.95667907 -9.3512788   0.04273349  4.71668097 -4.38623492  2.22921526
   4.95075907  1.69177812 -6.93313602  8.23313333 -9.66712895]
 [ 8.44756441 -0.4753753  -1.64124701 -0.70198425  5.06018715 -1.03564485
   5.53573596  5.12342045 -3.77446178 -4.75065544 -4.77416571]
 [-8.84091108 -5.46281658  5.36172934  5.01200146  8.11304641 -8.93698864
   6.49885295 -8.54608034  2.72072052 -1.96657753  0.42218876]
 [-7.15631789 -3.30475973  5.16298118  7.77208808  7.54335856 -9.90103042
   7.66678661  4.45211631  9.24421815 -6.03162146  0.54091688]
 [-8.95667907  4.95075907 -9.66712895  1.69177812 -4.38623492  4.71668097
  -9.3512788   2.22921526 -6.93313602  8.23313333  0.04273349]
 [ 8.44756441 -4.77416571 -1.64124701 -0.70198425 -4.38623492  4.71668097
   4.95075907  1.69177812 -6.93313602  8.23313333  0.04273349]
 [-7.15631789 -3.30475973  5.16298118  7.77208808  8.11304641 -8.93698864
   5.36172934 -8.54608034 -8.84091108 -1.96657753  0.42218876]
 [ 4.7796035  -7.98504601 -6.93313602  8.86228173 -4.38623492  4.71668097
   4.95075907  1.69177812  3.30298067  8.23313333  0.04273349]
 [-7.15631789 -3.30475973  5.16298118  7.77208808 -5.1269279  -5.72713997
  -9.18853778 -6.99471823  1.43025973  7.61277552 -0.24694921]
 [ 4.7796035  -7.98504601  3.30298067  8.86228173  4.95075907  4.71668097
  -4.38623492  1.69177812 -6.93313602  8.23313333  0.04273349]
 [-7.15631789 -3.30475973  5.16298118  7.77208808 -6.99471823 -5.72713997
  -9.18853778 -5.1269279   1.43025973  7.61277552 -0.24694921]]
----------------------------------------------
new population [[ 2.72072052  1.69177812  6.49885295  5.01200146 -4.38623492  4.71668097
   4.95075907 -5.46281658 -6.93313602  8.23313333  0.04273349]
 [ 4.7796035  -7.98504601  3.30298067  8.86228173  4.95075907  4.71668097
  -4.38623492  1.69177812 -6.93313602  8.23313333  0.04273349]
 [ 4.71668097 -9.3512788  -9.66712895 -8.95667907 -4.38623492  2.22921526
   4.95075907  1.69177812 -6.93313602  8.23313333  0.04273349]
 [ 8.44756441 -4.77416571 -1.64124701 -0.70198425 -4.38623492  4.71668097
   4.95075907  1.69177812 -6.93313602  8.23313333  0.04273349]
 [-7.15631789 -3.30475973  5.16298118  7.77208808 -4.38623492  4.71668097
   4.95075907  1.69177812 -6.93313602  8.23313333  0.04273349]
 [ 3.70869531  5.36172934 -8.54608034 -8.93698864  8.11304641  4.79098723
  -7.82928367 -4.86220544 -8.84091108 -1.96657753  0.42218876]
 [ 8.44756441 -8.93698864 -1.64124701  0.42218876  8.11304641 -4.77416571
   5.36172934 -8.54608034 -8.84091108 -1.96657753 -0.70198425]
 [ 3.70869531 -7.82928367 -4.86220544  4.79098723  8.11304641 -8.93698864
   5.36172934 -8.54608034 -8.84091108 -1.96657753  0.42218876]
 [ 8.44756441 -4.77416571 -1.64124701 -8.54608034  8.11304641 -8.93698864
   5.36172934 -0.70198425 -8.84091108 -1.96657753  0.42218876]
 [ 3.70869531 -7.82928367 -4.86220544  4.79098723  8.11304641 -8.93698864
   5.36172934 -8.54608034 -8.84091108 -1.96657753  0.42218876]
 [ 0.42218876 -4.77416571 -8.54608034 -1.64124701  8.11304641 -8.93698864
   5.36172934 -0.70198425 -8.84091108 -1.96657753  8.44756441]
 [ 4.7796035  -7.98504601  4.71668097  8.86228173 -4.38623492  3.30298067
   4.95075907  1.69177812 -6.93313602  8.23313333  0.04273349]
 [-7.15631789 -3.30475973 -9.18853778  7.77208808 -5.1269279  -5.72713997
   5.16298118 -6.99471823  1.43025973  7.61277552 -0.24694921]
 [-7.15631789 -3.30475973  5.16298118 -8.54608034  8.11304641 -8.93698864
   5.36172934  7.77208808 -8.84091108 -1.96657753  0.42218876]
 [ 3.70869531 -7.82928367 -4.86220544  4.79098723 -4.38623492  4.71668097
   4.95075907  1.69177812 -6.93313602  8.23313333  0.04273349]
 [-1.96657753 -3.30475973 -7.15631789 -8.84091108  8.11304641 -8.93698864
   5.36172934 -8.54608034  7.77208808  5.16298118  0.42218876]
 [ 8.44756441 -4.77416571 -1.64124701 -0.70198425 -4.38623492  4.71668097
   4.95075907  1.69177812 -6.93313602  8.23313333  0.04273349]
 [-9.05091397 -6.6761717  -8.13871642  3.90513275  4.95075907  4.71668097
  -4.38623492  1.69177812 -6.93313602  8.23313333  0.04273349]
 [-7.15631789 -3.30475973  5.16298118  7.77208808  5.36172934 -8.93698864
   8.11304641 -8.54608034 -8.84091108 -1.96657753  0.42218876]
 [ 7.61277552  1.43025973 -4.86220544  4.79098723 -5.1269279  -5.72713997
  -9.18853778 -6.99471823 -7.82928367  3.70869531 -0.24694921]
 [ 4.7796035  -7.98504601  3.30298067  8.86228173  8.11304641 -8.93698864
   5.36172934 -8.54608034 -8.84091108 -1.96657753  0.42218876]
 [ 3.70869531 -7.82928367 -8.54608034 -8.84091108 -8.93698864  5.36172934
   8.11304641 -4.86220544  4.79098723 -1.96657753  0.42218876]
 [-1.96657753  5.36172934 -8.13871642  3.90513275  8.11304641 -8.93698864
  -6.6761717  -8.54608034 -8.84091108 -9.05091397  0.42218876]
 [-7.15631789 -3.30475973  5.36172934  0.42218876  7.77208808 -8.93698864
   5.16298118 -8.54608034 -8.84091108 -1.96657753  8.11304641]
 [ 3.70869531 -7.82928367 -4.86220544  4.79098723 -4.38623492  4.71668097
   4.95075907  1.69177812 -6.93313602  8.23313333  0.04273349]]
3 ////////////////////////////////////////////////////////////////////////
idx: 0 	 error_val: [2.052969218128206e+31, 2.5655286020568783e+31]
idx: 1 	 error_val: [2.054452904166905e+31, 2.56749604339713e+31]
idx: 2 	 error_val: [2.0544697503208124e+31, 2.567514362032588e+31]
idx: 3 	 error_val: [2.0544699928842744e+31, 2.5675146880916135e+31]
idx: 4 	 error_val: [2.0544699932720907e+31, 2.5675146886230153e+31]
idx: 5 	 error_val: [9.521889648312217e+31, 1.3827995144457907e+32]
idx: 6 	 error_val: [2.9157945593579143e+32, 3.9252026262095414e+32]
idx: 7 	 error_val: [9.521809865584773e+31, 1.3828277981355674e+32]
idx: 8 	 error_val: [9.522258395564645e+31, 1.3828062470607935e+32]
idx: 9 	 error_val: [9.521809865584773e+31, 1.3828277981355674e+32]
idx: 10 	 error_val: [4.0290803352602333e+34, 5.588667208067277e+34]
idx: 11 	 error_val: [2.054469855680449e+31, 2.5675145036761916e+31]
idx: 12 	 error_val: [3.853325609798724e+31, 6.800578910906749e+31]
idx: 13 	 error_val: [9.522743730149764e+31, 1.3827830724507217e+32]
idx: 14 	 error_val: [2.054469993132893e+31, 2.5675146884314146e+31]
idx: 15 	 error_val: [1.2252580148513967e+32, 1.5221280621335573e+32]
idx: 16 	 error_val: [2.0544699928842744e+31, 2.5675146880916135e+31]
idx: 17 	 error_val: [2.054452903937461e+31, 2.5674960430818903e+31]
idx: 18 	 error_val: [9.521837192495814e+31, 1.3828315832314735e+32]
idx: 19 	 error_val: [3.3726336903848834e+31, 5.392877211190205e+31]
idx: 20 	 error_val: [9.521809865634529e+31, 1.3828277981420698e+32]
idx: 21 	 error_val: [9.81585375064408e+31, 1.423947378588738e+32]
idx: 22 	 error_val: [9.829155121092761e+31, 1.658104813874886e+32]
idx: 23 	 error_val: [3.715774356790463e+34, 5.154602739122215e+34]
idx: 24 	 error_val: [2.054469993132893e+31, 2.5675146884314146e+31]
population [[ 2.72072052  1.69177812  6.49885295  5.01200146 -4.38623492  4.71668097
   4.95075907 -5.46281658 -6.93313602  8.23313333  0.04273349]
 [ 4.7796035  -7.98504601  3.30298067  8.86228173  4.95075907  4.71668097
  -4.38623492  1.69177812 -6.93313602  8.23313333  0.04273349]
 [ 4.71668097 -9.3512788  -9.66712895 -8.95667907 -4.38623492  2.22921526
   4.95075907  1.69177812 -6.93313602  8.23313333  0.04273349]
 [ 8.44756441 -4.77416571 -1.64124701 -0.70198425 -4.38623492  4.71668097
   4.95075907  1.69177812 -6.93313602  8.23313333  0.04273349]
 [-7.15631789 -3.30475973  5.16298118  7.77208808 -4.38623492  4.71668097
   4.95075907  1.69177812 -6.93313602  8.23313333  0.04273349]
 [ 3.70869531  5.36172934 -8.54608034 -8.93698864  8.11304641  4.79098723
  -7.82928367 -4.86220544 -8.84091108 -1.96657753  0.42218876]
 [ 8.44756441 -8.93698864 -1.64124701  0.42218876  8.11304641 -4.77416571
   5.36172934 -8.54608034 -8.84091108 -1.96657753 -0.70198425]
 [ 3.70869531 -7.82928367 -4.86220544  4.79098723  8.11304641 -8.93698864
   5.36172934 -8.54608034 -8.84091108 -1.96657753  0.42218876]
 [ 8.44756441 -4.77416571 -1.64124701 -8.54608034  8.11304641 -8.93698864
   5.36172934 -0.70198425 -8.84091108 -1.96657753  0.42218876]
 [ 3.70869531 -7.82928367 -4.86220544  4.79098723  8.11304641 -8.93698864
   5.36172934 -8.54608034 -8.84091108 -1.96657753  0.42218876]
 [ 0.42218876 -4.77416571 -8.54608034 -1.64124701  8.11304641 -8.93698864
   5.36172934 -0.70198425 -8.84091108 -1.96657753  8.44756441]
 [ 4.7796035  -7.98504601  4.71668097  8.86228173 -4.38623492  3.30298067
   4.95075907  1.69177812 -6.93313602  8.23313333  0.04273349]
 [-7.15631789 -3.30475973 -9.18853778  7.77208808 -5.1269279  -5.72713997
   5.16298118 -6.99471823  1.43025973  7.61277552 -0.24694921]
 [-7.15631789 -3.30475973  5.16298118 -8.54608034  8.11304641 -8.93698864
   5.36172934  7.77208808 -8.84091108 -1.96657753  0.42218876]
 [ 3.70869531 -7.82928367 -4.86220544  4.79098723 -4.38623492  4.71668097
   4.95075907  1.69177812 -6.93313602  8.23313333  0.04273349]
 [-1.96657753 -3.30475973 -7.15631789 -8.84091108  8.11304641 -8.93698864
   5.36172934 -8.54608034  7.77208808  5.16298118  0.42218876]
 [ 8.44756441 -4.77416571 -1.64124701 -0.70198425 -4.38623492  4.71668097
   4.95075907  1.69177812 -6.93313602  8.23313333  0.04273349]
 [-9.05091397 -6.6761717  -8.13871642  3.90513275  4.95075907  4.71668097
  -4.38623492  1.69177812 -6.93313602  8.23313333  0.04273349]
 [-7.15631789 -3.30475973  5.16298118  7.77208808  5.36172934 -8.93698864
   8.11304641 -8.54608034 -8.84091108 -1.96657753  0.42218876]
 [ 7.61277552  1.43025973 -4.86220544  4.79098723 -5.1269279  -5.72713997
  -9.18853778 -6.99471823 -7.82928367  3.70869531 -0.24694921]
 [ 4.7796035  -7.98504601  3.30298067  8.86228173  8.11304641 -8.93698864
   5.36172934 -8.54608034 -8.84091108 -1.96657753  0.42218876]
 [ 3.70869531 -7.82928367 -8.54608034 -8.84091108 -8.93698864  5.36172934
   8.11304641 -4.86220544  4.79098723 -1.96657753  0.42218876]
 [-1.96657753  5.36172934 -8.13871642  3.90513275  8.11304641 -8.93698864
  -6.6761717  -8.54608034 -8.84091108 -9.05091397  0.42218876]
 [-7.15631789 -3.30475973  5.36172934  0.42218876  7.77208808 -8.93698864
   5.16298118 -8.54608034 -8.84091108 -1.96657753  8.11304641]
 [ 3.70869531 -7.82928367 -4.86220544  4.79098723 -4.38623492  4.71668097
   4.95075907  1.69177812 -6.93313602  8.23313333  0.04273349]]
----------------------------------------------
new population [[ 2.72072052  1.69177812  6.49885295  5.01200146 -4.38623492  4.71668097
   4.95075907 -5.46281658 -6.93313602  8.23313333  0.04273349]
 [-9.05091397 -6.6761717  -8.13871642  3.90513275  4.95075907  4.71668097
  -4.38623492  1.69177812 -6.93313602  8.23313333  0.04273349]
 [ 4.7796035  -7.98504601  3.30298067  8.86228173  4.95075907  4.71668097
  -4.38623492  1.69177812 -6.93313602  8.23313333  0.04273349]
 [ 4.71668097 -9.3512788  -9.66712895 -8.95667907 -4.38623492  2.22921526
   4.95075907  1.69177812 -6.93313602  8.23313333  0.04273349]
 [ 4.7796035  -7.98504601  4.71668097  8.86228173 -4.38623492  3.30298067
   4.95075907  1.69177812 -6.93313602  8.23313333  0.04273349]
 [ 8.44756441 -4.77416571 -1.64124701 -6.93313602 -0.70198425  4.71668097
   4.95075907 -5.46281658 -4.38623492  8.23313333  0.04273349]
 [ 0.04273349  8.23313333 -6.93313602  5.01200146  1.69177812  4.71668097
   4.95075907 -4.38623492  6.49885295  1.69177812  2.72072052]
 [-7.15631789  0.04273349  5.16298118  7.77208808  4.95075907  4.71668097
  -4.38623492  1.69177812 -6.93313602  8.23313333 -3.30475973]
 [ 4.7796035  -7.98504601  3.30298067  8.86228173  4.95075907  4.71668097
  -4.38623492  1.69177812 -6.93313602  8.23313333  0.04273349]
 [-6.93313602 -3.30475973  5.16298118  7.77208808  4.71668097 -4.38623492
   4.95075907  1.69177812 -7.15631789  8.23313333  0.04273349]
 [ 8.44756441 -4.77416571 -1.64124701 -0.70198425 -4.38623492  4.71668097
   4.95075907  1.69177812 -6.93313602  8.23313333  0.04273349]
 [ 4.71668097 -9.3512788   4.71668097 -8.95667907  0.04273349 -9.66712895
   4.95075907  1.69177812 -6.93313602  8.23313333 -4.38623492]
 [ 4.95075907 -4.77416571  8.23313333 -0.70198425 -4.38623492  2.22921526
   8.44756441  1.69177812 -6.93313602 -1.64124701  0.04273349]
 [ 4.71668097 -6.93313602 -9.66712895 -8.95667907 -4.38623492  4.71668097
   4.95075907  1.69177812 -9.3512788   8.23313333  0.04273349]
 [ 1.69177812 -3.30475973  5.16298118  7.77208808 -4.38623492  2.22921526
   4.95075907 -7.15631789 -6.93313602  8.23313333  0.04273349]
 [-7.15631789 -3.30475973  0.04273349  7.77208808 -4.38623492  4.71668097
   4.95075907  1.69177812 -6.93313602  8.23313333  5.16298118]
 [ 4.95075907 -4.77416571 -1.64124701 -0.70198425 -6.93313602  4.71668097
   8.44756441  1.69177812 -4.38623492  8.23313333  0.04273349]
 [ 4.95075907 -3.30475973  5.16298118  7.77208808 -5.46281658  4.71668097
  -7.15631789 -4.38623492 -6.93313602  8.23313333  0.04273349]
 [ 2.72072052  1.69177812  6.49885295  8.23313333  1.69177812  4.71668097
   4.95075907 -4.38623492 -6.93313602  5.01200146  0.04273349]
 [ 2.72072052  1.69177812  1.69177812  5.01200146  8.23313333  4.71668097
   4.95075907  6.49885295 -6.93313602 -4.38623492  0.04273349]
 [-7.15631789  8.23313333  5.16298118  7.77208808 -4.38623492  4.71668097
   4.95075907 -5.46281658 -6.93313602 -3.30475973  0.04273349]
 [ 0.04273349 -7.98504601  3.30298067  8.86228173 -4.38623492  2.22921526
   4.95075907  1.69177812 -6.93313602  8.23313333  4.7796035 ]
 [ 4.71668097 -9.3512788  -6.93313602 -8.95667907  4.71668097  4.95075907
  -4.38623492  1.69177812 -9.66712895  8.23313333  0.04273349]
 [ 1.69177812  4.95075907  3.30298067  8.86228173 -4.38623492  2.22921526
  -7.98504601  4.7796035  -6.93313602  8.23313333  0.04273349]
 [-6.93313602 -9.3512788  -9.66712895 -8.95667907  4.95075907  4.71668097
  -4.38623492  1.69177812  4.71668097  8.23313333  0.04273349]]
4 ////////////////////////////////////////////////////////////////////////
idx: 0 	 error_val: [2.052969218128206e+31, 2.5655286020568783e+31]
idx: 1 	 error_val: [2.054452903937461e+31, 2.5674960430818903e+31]
idx: 2 	 error_val: [2.054452904166905e+31, 2.56749604339713e+31]
idx: 3 	 error_val: [2.0544697503208124e+31, 2.567514362032588e+31]
idx: 4 	 error_val: [2.054469855680449e+31, 2.5675145036761916e+31]
idx: 5 	 error_val: [2.063573691032773e+31, 2.574818087634205e+31]
idx: 6 	 error_val: [4.230380979678749e+33, 5.81774956992929e+33]
idx: 7 	 error_val: [6.057175535103351e+33, 8.596541913922912e+33]
idx: 8 	 error_val: [2.054452904166905e+31, 2.56749604339713e+31]
idx: 9 	 error_val: [2.0535471898752404e+31, 2.5667096464753637e+31]
idx: 10 	 error_val: [2.0544699928842744e+31, 2.5675146880916135e+31]
idx: 11 	 error_val: [1.0720850462633059e+34, 1.5120432885705857e+34]
idx: 12 	 error_val: [1.2073947994368322e+30, 2.1905924474615285e+30]
idx: 13 	 error_val: [2.0445454793173363e+31, 2.5588933801609654e+31]
idx: 14 	 error_val: [2.0526138256511766e+31, 2.5650582840021002e+31]
idx: 15 	 error_val: [1.5348736600744838e+34, 2.0904961984672503e+34]
idx: 16 	 error_val: [2.0650828957452277e+31, 2.576812801749189e+31]
idx: 17 	 error_val: [2.053172842651261e+31, 2.565803219218711e+31]
idx: 18 	 error_val: [8.620596557862889e+30, 1.028363796042656e+31]
idx: 19 	 error_val: [4.8917148436095406e+30, 8.133781751929139e+30]
idx: 20 	 error_val: [2.9772087074960775e+30, 5.155969845095758e+30]
idx: 21 	 error_val: [1.3172272344693595e+34, 1.7917992720888176e+34]
idx: 22 	 error_val: [2.0432428709656524e+31, 2.557763456483117e+31]
idx: 23 	 error_val: [2.0550939559962756e+31, 2.5683459280152487e+31]
idx: 24 	 error_val: [2.1042533398314997e+31, 2.6117587727490656e+31]
population [[ 2.72072052  1.69177812  6.49885295  5.01200146 -4.38623492  4.71668097
   4.95075907 -5.46281658 -6.93313602  8.23313333  0.04273349]
 [-9.05091397 -6.6761717  -8.13871642  3.90513275  4.95075907  4.71668097
  -4.38623492  1.69177812 -6.93313602  8.23313333  0.04273349]
 [ 4.7796035  -7.98504601  3.30298067  8.86228173  4.95075907  4.71668097
  -4.38623492  1.69177812 -6.93313602  8.23313333  0.04273349]
 [ 4.71668097 -9.3512788  -9.66712895 -8.95667907 -4.38623492  2.22921526
   4.95075907  1.69177812 -6.93313602  8.23313333  0.04273349]
 [ 4.7796035  -7.98504601  4.71668097  8.86228173 -4.38623492  3.30298067
   4.95075907  1.69177812 -6.93313602  8.23313333  0.04273349]
 [ 8.44756441 -4.77416571 -1.64124701 -6.93313602 -0.70198425  4.71668097
   4.95075907 -5.46281658 -4.38623492  8.23313333  0.04273349]
 [ 0.04273349  8.23313333 -6.93313602  5.01200146  1.69177812  4.71668097
   4.95075907 -4.38623492  6.49885295  1.69177812  2.72072052]
 [-7.15631789  0.04273349  5.16298118  7.77208808  4.95075907  4.71668097
  -4.38623492  1.69177812 -6.93313602  8.23313333 -3.30475973]
 [ 4.7796035  -7.98504601  3.30298067  8.86228173  4.95075907  4.71668097
  -4.38623492  1.69177812 -6.93313602  8.23313333  0.04273349]
 [-6.93313602 -3.30475973  5.16298118  7.77208808  4.71668097 -4.38623492
   4.95075907  1.69177812 -7.15631789  8.23313333  0.04273349]
 [ 8.44756441 -4.77416571 -1.64124701 -0.70198425 -4.38623492  4.71668097
   4.95075907  1.69177812 -6.93313602  8.23313333  0.04273349]
 [ 4.71668097 -9.3512788   4.71668097 -8.95667907  0.04273349 -9.66712895
   4.95075907  1.69177812 -6.93313602  8.23313333 -4.38623492]
 [ 4.95075907 -4.77416571  8.23313333 -0.70198425 -4.38623492  2.22921526
   8.44756441  1.69177812 -6.93313602 -1.64124701  0.04273349]
 [ 4.71668097 -6.93313602 -9.66712895 -8.95667907 -4.38623492  4.71668097
   4.95075907  1.69177812 -9.3512788   8.23313333  0.04273349]
 [ 1.69177812 -3.30475973  5.16298118  7.77208808 -4.38623492  2.22921526
   4.95075907 -7.15631789 -6.93313602  8.23313333  0.04273349]
 [-7.15631789 -3.30475973  0.04273349  7.77208808 -4.38623492  4.71668097
   4.95075907  1.69177812 -6.93313602  8.23313333  5.16298118]
 [ 4.95075907 -4.77416571 -1.64124701 -0.70198425 -6.93313602  4.71668097
   8.44756441  1.69177812 -4.38623492  8.23313333  0.04273349]
 [ 4.95075907 -3.30475973  5.16298118  7.77208808 -5.46281658  4.71668097
  -7.15631789 -4.38623492 -6.93313602  8.23313333  0.04273349]
 [ 2.72072052  1.69177812  6.49885295  8.23313333  1.69177812  4.71668097
   4.95075907 -4.38623492 -6.93313602  5.01200146  0.04273349]
 [ 2.72072052  1.69177812  1.69177812  5.01200146  8.23313333  4.71668097
   4.95075907  6.49885295 -6.93313602 -4.38623492  0.04273349]
 [-7.15631789  8.23313333  5.16298118  7.77208808 -4.38623492  4.71668097
   4.95075907 -5.46281658 -6.93313602 -3.30475973  0.04273349]
 [ 0.04273349 -7.98504601  3.30298067  8.86228173 -4.38623492  2.22921526
   4.95075907  1.69177812 -6.93313602  8.23313333  4.7796035 ]
 [ 4.71668097 -9.3512788  -6.93313602 -8.95667907  4.71668097  4.95075907
  -4.38623492  1.69177812 -9.66712895  8.23313333  0.04273349]
 [ 1.69177812  4.95075907  3.30298067  8.86228173 -4.38623492  2.22921526
  -7.98504601  4.7796035  -6.93313602  8.23313333  0.04273349]
 [-6.93313602 -9.3512788  -9.66712895 -8.95667907  4.95075907  4.71668097
  -4.38623492  1.69177812  4.71668097  8.23313333  0.04273349]]
----------------------------------------------
new population [[ 4.95075907 -4.77416571  8.23313333 -0.70198425 -4.38623492  2.22921526
   8.44756441  1.69177812 -6.93313602 -1.64124701  0.04273349]
 [-7.15631789  8.23313333  5.16298118  7.77208808 -4.38623492  4.71668097
   4.95075907 -5.46281658 -6.93313602 -3.30475973  0.04273349]
 [ 2.72072052  1.69177812  1.69177812  5.01200146  8.23313333  4.71668097
   4.95075907  6.49885295 -6.93313602 -4.38623492  0.04273349]
 [ 2.72072052  1.69177812  6.49885295  8.23313333  1.69177812  4.71668097
   4.95075907 -4.38623492 -6.93313602  5.01200146  0.04273349]
 [ 4.71668097 -9.3512788  -6.93313602 -8.95667907  4.71668097  4.95075907
  -4.38623492  1.69177812 -9.66712895  8.23313333  0.04273349]
 [-9.05091397 -6.6761717   1.69177812  3.90513275  8.23313333  4.71668097
  -4.38623492 -8.13871642 -6.93313602  4.95075907  0.04273349]
 [ 4.7796035  -7.98504601  3.30298067  8.86228173  1.69177812  4.71668097
  -4.38623492  4.95075907 -6.93313602  8.23313333  0.04273349]
 [ 1.69177812  1.69177812  6.49885295  5.01200146 -4.38623492  3.30298067
   4.95075907  2.72072052 -6.93313602  8.23313333  0.04273349]
 [ 8.23313333 -7.98504601  4.71668097  8.86228173 -4.38623492  4.71668097
   4.95075907 -5.46281658 -6.93313602  4.7796035   0.04273349]
 [ 4.71668097 -9.3512788   0.04273349  8.23313333  4.95075907  4.71668097
  -4.38623492  1.69177812 -6.93313602 -8.95667907 -9.66712895]
 [ 2.22921526 -7.98504601  3.30298067  8.23313333  8.86228173  4.7796035
   4.95075907  1.69177812 -6.93313602 -4.38623492  0.04273349]
 [ 2.72072052  1.69177812  6.49885295  5.01200146 -4.38623492  3.30298067
   4.95075907  1.69177812 -6.93313602  8.23313333  0.04273349]
 [ 4.95075907 -7.98504601  4.71668097  8.86228173 -4.38623492  4.71668097
   4.7796035  -5.46281658 -6.93313602  8.23313333  0.04273349]
 [ 1.69177812 -6.6761717  -8.13871642  3.90513275 -4.38623492  2.22921526
   4.95075907 -9.05091397 -6.93313602  8.23313333  0.04273349]
 [ 4.71668097 -4.38623492 -9.66712895 -8.95667907  4.95075907  4.71668097
  -9.3512788   1.69177812 -6.93313602  8.23313333  0.04273349]
 [ 2.72072052  1.69177812  6.49885295  5.01200146 -4.38623492  2.22921526
   4.95075907  1.69177812 -6.93313602  8.23313333  0.04273349]
 [-5.46281658 -9.3512788  -9.66712895  4.71668097 -4.38623492  4.71668097
   4.95075907 -8.95667907 -6.93313602  8.23313333  0.04273349]
 [-6.93313602 -7.98504601  3.30298067  8.86228173  4.71668097 -4.38623492
   4.95075907 -5.46281658  4.7796035   8.23313333  0.04273349]
 [ 2.72072052  1.69177812  6.49885295  5.01200146  4.95075907  4.71668097
  -4.38623492  1.69177812 -6.93313602  8.23313333  0.04273349]
 [ 4.7796035  -7.98504601  4.71668097  8.86228173 -4.38623492  2.22921526
   4.95075907  1.69177812 -6.93313602  8.23313333  0.04273349]
 [ 4.71668097 -9.3512788  -9.66712895 -8.95667907 -4.38623492  3.30298067
   4.95075907  1.69177812 -6.93313602  8.23313333  0.04273349]
 [ 2.72072052  1.69177812  6.49885295  5.01200146  4.95075907  4.71668097
  -4.38623492  1.69177812 -6.93313602  8.23313333  0.04273349]
 [ 8.23313333 -6.6761717  -8.13871642  0.04273349 -4.38623492  4.71668097
   4.95075907 -5.46281658 -6.93313602 -9.05091397  3.90513275]
 [ 4.71668097 -7.98504601  3.30298067  8.86228173  1.69177812  4.7796035
  -4.38623492  4.95075907 -6.93313602  8.23313333  0.04273349]
 [ 8.23313333 -6.93313602 -8.13871642  3.90513275  4.95075907  4.71668097
  -4.38623492  1.69177812 -6.6761717  -9.05091397  0.04273349]]
5 ////////////////////////////////////////////////////////////////////////
idx: 0 	 error_val: [1.2073947994368322e+30, 2.1905924474615285e+30]
idx: 1 	 error_val: [2.9772087074960775e+30, 5.155969845095758e+30]
idx: 2 	 error_val: [4.8917148436095406e+30, 8.133781751929139e+30]
idx: 3 	 error_val: [8.620596557862889e+30, 1.028363796042656e+31]
idx: 4 	 error_val: [2.0432428709656524e+31, 2.557763456483117e+31]
idx: 5 	 error_val: [8.441713822548214e+30, 1.0057267539745682e+31]
idx: 6 	 error_val: [2.055136708401913e+31, 2.5684009811628013e+31]
idx: 7 	 error_val: [2.054685737998143e+31, 2.567800198971562e+31]
idx: 8 	 error_val: [7.969883848808157e+30, 9.461763809451203e+30]
idx: 9 	 error_val: [5.350471372693851e+34, 7.335800628169666e+34]
idx: 10 	 error_val: [4.8963495260051136e+30, 8.14064121918946e+30]
idx: 11 	 error_val: [2.054469855506175e+31, 2.567514503437949e+31]
idx: 12 	 error_val: [2.0529689049540465e+31, 2.5655282603885535e+31]
idx: 13 	 error_val: [2.0522165410651927e+31, 2.564532534380798e+31]
idx: 14 	 error_val: [2.0544438122005714e+31, 2.567486122278068e+31]
idx: 15 	 error_val: [2.054469750962018e+31, 2.567514362911764e+31]
idx: 16 	 error_val: [2.0522365426300634e+31, 2.56455900859682e+31]
idx: 17 	 error_val: [2.1030390521304744e+31, 2.6100362472346514e+31]
idx: 18 	 error_val: [2.054452903993128e+31, 2.5674960431597296e+31]
idx: 19 	 error_val: [2.054469751136292e+31, 2.567514363150005e+31]
idx: 20 	 error_val: [2.054469854864969e+31, 2.5675145025587737e+31]
idx: 21 	 error_val: [2.054452903993128e+31, 2.5674960431597296e+31]
idx: 22 	 error_val: [8.439480992766084e+33, 1.1957284053463825e+34]
idx: 23 	 error_val: [2.0551367145292673e+31, 2.5684009893990924e+31]
idx: 24 	 error_val: [2.0209310068828313e+31, 3.070813969735003e+31]
population [[ 4.95075907 -4.77416571  8.23313333 -0.70198425 -4.38623492  2.22921526
   8.44756441  1.69177812 -6.93313602 -1.64124701  0.04273349]
 [-7.15631789  8.23313333  5.16298118  7.77208808 -4.38623492  4.71668097
   4.95075907 -5.46281658 -6.93313602 -3.30475973  0.04273349]
 [ 2.72072052  1.69177812  1.69177812  5.01200146  8.23313333  4.71668097
   4.95075907  6.49885295 -6.93313602 -4.38623492  0.04273349]
 [ 2.72072052  1.69177812  6.49885295  8.23313333  1.69177812  4.71668097
   4.95075907 -4.38623492 -6.93313602  5.01200146  0.04273349]
 [ 4.71668097 -9.3512788  -6.93313602 -8.95667907  4.71668097  4.95075907
  -4.38623492  1.69177812 -9.66712895  8.23313333  0.04273349]
 [-9.05091397 -6.6761717   1.69177812  3.90513275  8.23313333  4.71668097
  -4.38623492 -8.13871642 -6.93313602  4.95075907  0.04273349]
 [ 4.7796035  -7.98504601  3.30298067  8.86228173  1.69177812  4.71668097
  -4.38623492  4.95075907 -6.93313602  8.23313333  0.04273349]
 [ 1.69177812  1.69177812  6.49885295  5.01200146 -4.38623492  3.30298067
   4.95075907  2.72072052 -6.93313602  8.23313333  0.04273349]
 [ 8.23313333 -7.98504601  4.71668097  8.86228173 -4.38623492  4.71668097
   4.95075907 -5.46281658 -6.93313602  4.7796035   0.04273349]
 [ 4.71668097 -9.3512788   0.04273349  8.23313333  4.95075907  4.71668097
  -4.38623492  1.69177812 -6.93313602 -8.95667907 -9.66712895]
 [ 2.22921526 -7.98504601  3.30298067  8.23313333  8.86228173  4.7796035
   4.95075907  1.69177812 -6.93313602 -4.38623492  0.04273349]
 [ 2.72072052  1.69177812  6.49885295  5.01200146 -4.38623492  3.30298067
   4.95075907  1.69177812 -6.93313602  8.23313333  0.04273349]
 [ 4.95075907 -7.98504601  4.71668097  8.86228173 -4.38623492  4.71668097
   4.7796035  -5.46281658 -6.93313602  8.23313333  0.04273349]
 [ 1.69177812 -6.6761717  -8.13871642  3.90513275 -4.38623492  2.22921526
   4.95075907 -9.05091397 -6.93313602  8.23313333  0.04273349]
 [ 4.71668097 -4.38623492 -9.66712895 -8.95667907  4.95075907  4.71668097
  -9.3512788   1.69177812 -6.93313602  8.23313333  0.04273349]
 [ 2.72072052  1.69177812  6.49885295  5.01200146 -4.38623492  2.22921526
   4.95075907  1.69177812 -6.93313602  8.23313333  0.04273349]
 [-5.46281658 -9.3512788  -9.66712895  4.71668097 -4.38623492  4.71668097
   4.95075907 -8.95667907 -6.93313602  8.23313333  0.04273349]
 [-6.93313602 -7.98504601  3.30298067  8.86228173  4.71668097 -4.38623492
   4.95075907 -5.46281658  4.7796035   8.23313333  0.04273349]
 [ 2.72072052  1.69177812  6.49885295  5.01200146  4.95075907  4.71668097
  -4.38623492  1.69177812 -6.93313602  8.23313333  0.04273349]
 [ 4.7796035  -7.98504601  4.71668097  8.86228173 -4.38623492  2.22921526
   4.95075907  1.69177812 -6.93313602  8.23313333  0.04273349]
 [ 4.71668097 -9.3512788  -9.66712895 -8.95667907 -4.38623492  3.30298067
   4.95075907  1.69177812 -6.93313602  8.23313333  0.04273349]
 [ 2.72072052  1.69177812  6.49885295  5.01200146  4.95075907  4.71668097
  -4.38623492  1.69177812 -6.93313602  8.23313333  0.04273349]
 [ 8.23313333 -6.6761717  -8.13871642  0.04273349 -4.38623492  4.71668097
   4.95075907 -5.46281658 -6.93313602 -9.05091397  3.90513275]
 [ 4.71668097 -7.98504601  3.30298067  8.86228173  1.69177812  4.7796035
  -4.38623492  4.95075907 -6.93313602  8.23313333  0.04273349]
 [ 8.23313333 -6.93313602 -8.13871642  3.90513275  4.95075907  4.71668097
  -4.38623492  1.69177812 -6.6761717  -9.05091397  0.04273349]]
----------------------------------------------
new population [[ 4.95075907 -4.77416571  8.23313333 -0.70198425 -4.38623492  2.22921526
   8.44756441  1.69177812 -6.93313602 -1.64124701  0.04273349]
 [-7.15631789  8.23313333  5.16298118  7.77208808 -4.38623492  4.71668097
   4.95075907 -5.46281658 -6.93313602 -3.30475973  0.04273349]
 [ 2.72072052  1.69177812  1.69177812  5.01200146  8.23313333  4.71668097
   4.95075907  6.49885295 -6.93313602 -4.38623492  0.04273349]
 [ 2.22921526 -7.98504601  3.30298067  8.23313333  8.86228173  4.7796035
   4.95075907  1.69177812 -6.93313602 -4.38623492  0.04273349]
 [ 8.23313333 -7.98504601  4.71668097  8.86228173 -4.38623492  4.71668097
   4.95075907 -5.46281658 -6.93313602  4.7796035   0.04273349]
 [ 2.72072052  1.69177812  1.69177812  5.01200146 -4.38623492  4.71668097
   4.95075907 -5.46281658 -6.93313602 -3.30475973  0.04273349]
 [-7.15631789 -4.38623492  5.16298118  7.77208808  8.23313333  4.71668097
   4.95075907  6.49885295 -6.93313602  8.23313333  0.04273349]
 [ 4.71668097 -9.3512788  -6.93313602 -8.95667907 -4.38623492  4.71668097
   4.95075907 -5.46281658 -6.93313602 -3.30475973  0.04273349]
 [-7.15631789  8.23313333  5.16298118  7.77208808  4.71668097  4.95075907
  -4.38623492  1.69177812 -9.66712895  8.23313333  0.04273349]
 [-7.15631789  8.23313333  5.16298118  7.77208808 -1.64124701  2.22921526
   8.44756441  1.69177812 -6.93313602 -4.38623492  0.04273349]
 [ 4.95075907 -4.77416571  8.23313333 -0.70198425 -4.38623492  4.71668097
   4.95075907 -5.46281658 -6.93313602 -3.30475973  0.04273349]
 [ 1.69177812  2.72072052  1.69177812 -4.38623492  4.71668097  4.95075907
   5.01200146  1.69177812 -9.66712895  8.23313333  0.04273349]
 [ 0.04273349 -9.3512788  -6.93313602  4.95075907  8.23313333  4.71668097
  -8.95667907  6.49885295 -6.93313602 -4.38623492  4.71668097]
 [ 2.72072052  1.69177812  1.69177812  5.01200146 -4.38623492  4.71668097
   4.95075907 -5.46281658 -6.93313602 -3.30475973  0.04273349]
 [-7.15631789  8.23313333  5.16298118  7.77208808  4.95075907  4.71668097
   8.23313333  6.49885295 -6.93313602 -4.38623492  0.04273349]
 [ 4.95075907  4.95075907  8.23313333 -0.70198425 -4.38623492  4.71668097
  -4.77416571 -5.46281658 -6.93313602 -3.30475973  0.04273349]
 [-7.15631789 -1.64124701  5.16298118  7.77208808 -4.38623492  2.22921526
   8.44756441  1.69177812 -6.93313602  8.23313333  0.04273349]
 [ 2.72072052  1.69177812  1.69177812 -6.93313602 -4.38623492  2.22921526
   8.44756441  1.69177812  5.01200146 -1.64124701  0.04273349]
 [ 4.95075907 -4.77416571  8.23313333 -0.70198425  8.23313333  4.71668097
   4.95075907  6.49885295 -6.93313602 -4.38623492  0.04273349]
 [-7.15631789  8.23313333  5.16298118  7.77208808  4.71668097  4.95075907
  -4.38623492  1.69177812 -9.66712895  8.23313333  0.04273349]
 [ 4.71668097 -9.3512788  -3.30475973 -8.95667907 -4.38623492  4.71668097
   4.95075907 -5.46281658 -6.93313602 -6.93313602  0.04273349]
 [-6.93313602  1.69177812  1.69177812  5.01200146 -4.38623492  4.71668097
   4.95075907 -5.46281658  2.72072052 -3.30475973  0.04273349]
 [ 4.71668097  0.04273349  5.16298118  7.77208808  8.23313333 -7.15631789
   4.95075907  6.49885295 -6.93313602 -4.38623492  8.23313333]
 [-7.15631789  8.23313333  5.16298118  7.77208808  4.71668097  4.95075907
  -4.38623492  1.69177812 -9.66712895  8.23313333  0.04273349]
 [ 4.95075907 -9.3512788  -6.93313602 -8.95667907 -4.38623492  4.71668097
   4.71668097 -5.46281658 -6.93313602 -3.30475973  0.04273349]]
6 ////////////////////////////////////////////////////////////////////////
idx: 0 	 error_val: [1.2073947994368322e+30, 2.1905924474615285e+30]
idx: 1 	 error_val: [2.9772087074960775e+30, 5.155969845095758e+30]
idx: 2 	 error_val: [4.8917148436095406e+30, 8.133781751929139e+30]
idx: 3 	 error_val: [4.8963495260051136e+30, 8.14064121918946e+30]
idx: 4 	 error_val: [7.969883848808157e+30, 9.461763809451203e+30]
idx: 5 	 error_val: [2.9772087079278607e+30, 5.155969845693908e+30]
idx: 6 	 error_val: [2.05547867897338e+31, 2.568849572883329e+31]
idx: 7 	 error_val: [2.977208710125005e+30, 5.155969848733532e+30]
idx: 8 	 error_val: [2.0432428717302186e+31, 2.557763457529986e+31]
idx: 9 	 error_val: [4.89636793034695e+30, 8.140676156976551e+30]
idx: 10 	 error_val: [2.977208708842115e+30, 5.155969846953975e+30]
idx: 11 	 error_val: [2.0432597893582666e+31, 2.5577818360281285e+31]
idx: 12 	 error_val: [1.2469817424441964e+34, 1.7419099207155153e+34]
idx: 13 	 error_val: [2.9772087079278607e+30, 5.155969845693908e+30]
idx: 14 	 error_val: [4.891731055910311e+30, 8.133813025221775e+30]
idx: 15 	 error_val: [2.977149559308593e+30, 5.155868515996904e+30]
idx: 16 	 error_val: [2.0544761540992666e+31, 2.5675213499356934e+31]
idx: 17 	 error_val: [1.422622235627308e+30, 2.5365366543424466e+30]
idx: 18 	 error_val: [4.8917148448492296e+30, 8.133781753634651e+30]
idx: 19 	 error_val: [2.0432428717302186e+31, 2.557763457529986e+31]
idx: 20 	 error_val: [1.1857344955830738e+31, 1.8532878091742088e+31]
idx: 21 	 error_val: [3.108110579900071e+30, 5.417034705038342e+30]
idx: 22 	 error_val: [3.816368474003398e+34, 5.309657285886474e+34]
idx: 23 	 error_val: [2.0432428717302186e+31, 2.557763457529986e+31]
idx: 24 	 error_val: [2.97720728634184e+30, 5.155967409625203e+30]
population [[ 4.95075907 -4.77416571  8.23313333 -0.70198425 -4.38623492  2.22921526
   8.44756441  1.69177812 -6.93313602 -1.64124701  0.04273349]
 [-7.15631789  8.23313333  5.16298118  7.77208808 -4.38623492  4.71668097
   4.95075907 -5.46281658 -6.93313602 -3.30475973  0.04273349]
 [ 2.72072052  1.69177812  1.69177812  5.01200146  8.23313333  4.71668097
   4.95075907  6.49885295 -6.93313602 -4.38623492  0.04273349]
 [ 2.22921526 -7.98504601  3.30298067  8.23313333  8.86228173  4.7796035
   4.95075907  1.69177812 -6.93313602 -4.38623492  0.04273349]
 [ 8.23313333 -7.98504601  4.71668097  8.86228173 -4.38623492  4.71668097
   4.95075907 -5.46281658 -6.93313602  4.7796035   0.04273349]
 [ 2.72072052  1.69177812  1.69177812  5.01200146 -4.38623492  4.71668097
   4.95075907 -5.46281658 -6.93313602 -3.30475973  0.04273349]
 [-7.15631789 -4.38623492  5.16298118  7.77208808  8.23313333  4.71668097
   4.95075907  6.49885295 -6.93313602  8.23313333  0.04273349]
 [ 4.71668097 -9.3512788  -6.93313602 -8.95667907 -4.38623492  4.71668097
   4.95075907 -5.46281658 -6.93313602 -3.30475973  0.04273349]
 [-7.15631789  8.23313333  5.16298118  7.77208808  4.71668097  4.95075907
  -4.38623492  1.69177812 -9.66712895  8.23313333  0.04273349]
 [-7.15631789  8.23313333  5.16298118  7.77208808 -1.64124701  2.22921526
   8.44756441  1.69177812 -6.93313602 -4.38623492  0.04273349]
 [ 4.95075907 -4.77416571  8.23313333 -0.70198425 -4.38623492  4.71668097
   4.95075907 -5.46281658 -6.93313602 -3.30475973  0.04273349]
 [ 1.69177812  2.72072052  1.69177812 -4.38623492  4.71668097  4.95075907
   5.01200146  1.69177812 -9.66712895  8.23313333  0.04273349]
 [ 0.04273349 -9.3512788  -6.93313602  4.95075907  8.23313333  4.71668097
  -8.95667907  6.49885295 -6.93313602 -4.38623492  4.71668097]
 [ 2.72072052  1.69177812  1.69177812  5.01200146 -4.38623492  4.71668097
   4.95075907 -5.46281658 -6.93313602 -3.30475973  0.04273349]
 [-7.15631789  8.23313333  5.16298118  7.77208808  4.95075907  4.71668097
   8.23313333  6.49885295 -6.93313602 -4.38623492  0.04273349]
 [ 4.95075907  4.95075907  8.23313333 -0.70198425 -4.38623492  4.71668097
  -4.77416571 -5.46281658 -6.93313602 -3.30475973  0.04273349]
 [-7.15631789 -1.64124701  5.16298118  7.77208808 -4.38623492  2.22921526
   8.44756441  1.69177812 -6.93313602  8.23313333  0.04273349]
 [ 2.72072052  1.69177812  1.69177812 -6.93313602 -4.38623492  2.22921526
   8.44756441  1.69177812  5.01200146 -1.64124701  0.04273349]
 [ 4.95075907 -4.77416571  8.23313333 -0.70198425  8.23313333  4.71668097
   4.95075907  6.49885295 -6.93313602 -4.38623492  0.04273349]
 [-7.15631789  8.23313333  5.16298118  7.77208808  4.71668097  4.95075907
  -4.38623492  1.69177812 -9.66712895  8.23313333  0.04273349]
 [ 4.71668097 -9.3512788  -3.30475973 -8.95667907 -4.38623492  4.71668097
   4.95075907 -5.46281658 -6.93313602 -6.93313602  0.04273349]
 [-6.93313602  1.69177812  1.69177812  5.01200146 -4.38623492  4.71668097
   4.95075907 -5.46281658  2.72072052 -3.30475973  0.04273349]
 [ 4.71668097  0.04273349  5.16298118  7.77208808  8.23313333 -7.15631789
   4.95075907  6.49885295 -6.93313602 -4.38623492  8.23313333]
 [-7.15631789  8.23313333  5.16298118  7.77208808  4.71668097  4.95075907
  -4.38623492  1.69177812 -9.66712895  8.23313333  0.04273349]
 [ 4.95075907 -9.3512788  -6.93313602 -8.95667907 -4.38623492  4.71668097
   4.71668097 -5.46281658 -6.93313602 -3.30475973  0.04273349]]
----------------------------------------------
new population [[ 4.95075907 -4.77416571  8.23313333 -0.70198425 -4.38623492  2.22921526
   8.44756441  1.69177812 -6.93313602 -1.64124701  0.04273349]
 [ 2.72072052  1.69177812  1.69177812 -6.93313602 -4.38623492  2.22921526
   8.44756441  1.69177812  5.01200146 -1.64124701  0.04273349]
 [ 4.95075907  4.95075907  8.23313333 -0.70198425 -4.38623492  4.71668097
  -4.77416571 -5.46281658 -6.93313602 -3.30475973  0.04273349]
 [ 4.95075907 -9.3512788  -6.93313602 -8.95667907 -4.38623492  4.71668097
   4.71668097 -5.46281658 -6.93313602 -3.30475973  0.04273349]
 [-7.15631789  8.23313333  5.16298118  7.77208808 -4.38623492  4.71668097
   4.95075907 -5.46281658 -6.93313602 -3.30475973  0.04273349]
 [ 4.95075907 -4.77416571  8.23313333 -0.70198425 -4.38623492  4.71668097
   4.95075907 -5.46281658 -6.93313602  4.7796035   0.04273349]
 [ 8.23313333  0.04273349  4.71668097  8.86228173 -4.38623492  2.22921526
   8.44756441  1.69177812 -6.93313602 -1.64124701 -7.98504601]
 [ 2.72072052  1.69177812 -6.93313602  4.7796035  -4.38623492  4.71668097
   4.95075907 -5.46281658  1.69177812  5.01200146  0.04273349]
 [ 8.23313333  6.49885295  4.71668097  4.95075907 -4.38623492  4.71668097
   8.86228173 -7.98504601 -6.93313602  8.23313333  0.04273349]
 [-5.46281658 -7.98504601  3.30298067  8.23313333 -4.38623492  4.71668097
   4.95075907  2.22921526 -6.93313602 -3.30475973  0.04273349]
 [-7.15631789  8.23313333  0.04273349  1.69177812  7.77208808  4.7796035
   4.95075907  8.86228173 -6.93313602 -4.38623492  5.16298118]
 [-6.93313602 -4.77416571  8.23313333 -5.46281658 -4.38623492  4.71668097
   4.95075907 -0.70198425  4.95075907  4.7796035   0.04273349]
 [ 8.23313333 -7.98504601  4.71668097  8.86228173 -4.38623492  2.22921526
   8.44756441  1.69177812 -6.93313602 -1.64124701  0.04273349]
 [ 0.04273349  4.7796035   8.23313333 -0.70198425 -6.93313602  4.71668097
   4.95075907 -5.46281658 -4.38623492 -4.77416571  4.95075907]
 [ 1.69177812  2.22921526  4.71668097  8.86228173 -4.38623492 -7.98504601
   8.44756441  8.23313333 -6.93313602 -1.64124701  0.04273349]
 [ 2.72072052  1.69177812  1.69177812  0.04273349 -6.93313602  4.71668097
   4.95075907 -5.46281658 -4.38623492 -3.30475973  5.01200146]
 [ 4.95075907  8.23313333  5.16298118  7.77208808  0.04273349  4.71668097
  -7.15631789  6.49885295 -6.93313602 -4.38623492  8.23313333]
 [-7.15631789  8.23313333  5.16298118  7.77208808 -4.38623492  4.71668097
   4.95075907 -5.46281658 -6.93313602  4.7796035   0.04273349]
 [ 8.23313333 -7.98504601  4.71668097  8.86228173 -5.46281658  4.71668097
   4.95075907 -4.38623492 -6.93313602 -3.30475973  0.04273349]
 [-7.15631789  8.23313333  4.95075907  7.77208808  5.16298118  4.71668097
   8.23313333  6.49885295 -6.93313602 -4.38623492  0.04273349]
 [ 2.72072052  1.69177812  1.69177812  5.01200146 -4.38623492  4.71668097
   4.95075907 -5.46281658 -6.93313602 -3.30475973  0.04273349]
 [ 4.95075907  1.69177812  1.69177812  5.01200146  2.72072052  4.71668097
  -4.38623492 -5.46281658 -6.93313602 -3.30475973  0.04273349]
 [-6.93313602  8.23313333  5.16298118  7.77208808  8.23313333  4.71668097
   4.95075907  6.49885295 -7.15631789 -4.38623492  0.04273349]
 [-7.15631789  8.23313333  5.16298118  7.77208808  4.95075907  4.71668097
   8.23313333  6.49885295 -6.93313602 -4.38623492  0.04273349]
 [ 2.72072052  1.69177812  1.69177812  4.71668097 -4.38623492  5.01200146
   4.95075907 -5.46281658 -6.93313602 -3.30475973  0.04273349]]
7 ////////////////////////////////////////////////////////////////////////
idx: 0 	 error_val: [1.2073947994368322e+30, 2.1905924474615285e+30]
idx: 1 	 error_val: [1.422622235627308e+30, 2.5365366543424466e+30]
idx: 2 	 error_val: [2.977149559308593e+30, 5.155868515996904e+30]
idx: 3 	 error_val: [2.97720728634184e+30, 5.155967409625203e+30]
idx: 4 	 error_val: [2.9772087074960775e+30, 5.155969845095758e+30]
idx: 5 	 error_val: [7.96988384622506e+30, 9.461763805925303e+30]
idx: 6 	 error_val: [3.6226976059419656e+34, 5.002828275819207e+34]
idx: 7 	 error_val: [8.914971215910453e+30, 1.057955950118605e+31]
idx: 8 	 error_val: [2.052447444471425e+31, 2.564836444020218e+31]
idx: 9 	 error_val: [2.971806300307805e+30, 5.147757996100396e+30]
idx: 10 	 error_val: [1.495464432383036e+34, 2.087307359955927e+34]
idx: 11 	 error_val: [8.381269471518107e+30, 9.883721434106426e+30]
idx: 12 	 error_val: [1.2073947987645117e+30, 2.1905924465250537e+30]
idx: 13 	 error_val: [1.3741040207375077e+34, 1.9201610180282514e+34]
idx: 14 	 error_val: [1.2054476377793603e+30, 2.1872429588860966e+30]
idx: 15 	 error_val: [1.4124851440671682e+34, 1.9677018407388931e+34]
idx: 16 	 error_val: [3.816366070574513e+34, 5.309653977244037e+34]
idx: 17 	 error_val: [7.969883848515852e+30, 9.461763809052319e+30]
idx: 18 	 error_val: [2.976452176942139e+30, 5.154819952319402e+30]
idx: 19 	 error_val: [4.891731056451085e+30, 8.13381302597725e+30]
idx: 20 	 error_val: [2.9772087079278607e+30, 5.155969845693908e+30]
idx: 21 	 error_val: [2.9771519392573215e+30, 5.15587258650461e+30]
idx: 22 	 error_val: [4.889558646466978e+30, 8.12833335874655e+30]
idx: 23 	 error_val: [4.891731055910311e+30, 8.133813025221775e+30]
idx: 24 	 error_val: [2.9772086099710244e+30, 5.155969703488681e+30]
population [[ 4.95075907 -4.77416571  8.23313333 -0.70198425 -4.38623492  2.22921526
   8.44756441  1.69177812 -6.93313602 -1.64124701  0.04273349]
 [ 2.72072052  1.69177812  1.69177812 -6.93313602 -4.38623492  2.22921526
   8.44756441  1.69177812  5.01200146 -1.64124701  0.04273349]
 [ 4.95075907  4.95075907  8.23313333 -0.70198425 -4.38623492  4.71668097
  -4.77416571 -5.46281658 -6.93313602 -3.30475973  0.04273349]
 [ 4.95075907 -9.3512788  -6.93313602 -8.95667907 -4.38623492  4.71668097
   4.71668097 -5.46281658 -6.93313602 -3.30475973  0.04273349]
 [-7.15631789  8.23313333  5.16298118  7.77208808 -4.38623492  4.71668097
   4.95075907 -5.46281658 -6.93313602 -3.30475973  0.04273349]
 [ 4.95075907 -4.77416571  8.23313333 -0.70198425 -4.38623492  4.71668097
   4.95075907 -5.46281658 -6.93313602  4.7796035   0.04273349]
 [ 8.23313333  0.04273349  4.71668097  8.86228173 -4.38623492  2.22921526
   8.44756441  1.69177812 -6.93313602 -1.64124701 -7.98504601]
 [ 2.72072052  1.69177812 -6.93313602  4.7796035  -4.38623492  4.71668097
   4.95075907 -5.46281658  1.69177812  5.01200146  0.04273349]
 [ 8.23313333  6.49885295  4.71668097  4.95075907 -4.38623492  4.71668097
   8.86228173 -7.98504601 -6.93313602  8.23313333  0.04273349]
 [-5.46281658 -7.98504601  3.30298067  8.23313333 -4.38623492  4.71668097
   4.95075907  2.22921526 -6.93313602 -3.30475973  0.04273349]
 [-7.15631789  8.23313333  0.04273349  1.69177812  7.77208808  4.7796035
   4.95075907  8.86228173 -6.93313602 -4.38623492  5.16298118]
 [-6.93313602 -4.77416571  8.23313333 -5.46281658 -4.38623492  4.71668097
   4.95075907 -0.70198425  4.95075907  4.7796035   0.04273349]
 [ 8.23313333 -7.98504601  4.71668097  8.86228173 -4.38623492  2.22921526
   8.44756441  1.69177812 -6.93313602 -1.64124701  0.04273349]
 [ 0.04273349  4.7796035   8.23313333 -0.70198425 -6.93313602  4.71668097
   4.95075907 -5.46281658 -4.38623492 -4.77416571  4.95075907]
 [ 1.69177812  2.22921526  4.71668097  8.86228173 -4.38623492 -7.98504601
   8.44756441  8.23313333 -6.93313602 -1.64124701  0.04273349]
 [ 2.72072052  1.69177812  1.69177812  0.04273349 -6.93313602  4.71668097
   4.95075907 -5.46281658 -4.38623492 -3.30475973  5.01200146]
 [ 4.95075907  8.23313333  5.16298118  7.77208808  0.04273349  4.71668097
  -7.15631789  6.49885295 -6.93313602 -4.38623492  8.23313333]
 [-7.15631789  8.23313333  5.16298118  7.77208808 -4.38623492  4.71668097
   4.95075907 -5.46281658 -6.93313602  4.7796035   0.04273349]
 [ 8.23313333 -7.98504601  4.71668097  8.86228173 -5.46281658  4.71668097
   4.95075907 -4.38623492 -6.93313602 -3.30475973  0.04273349]
 [-7.15631789  8.23313333  4.95075907  7.77208808  5.16298118  4.71668097
   8.23313333  6.49885295 -6.93313602 -4.38623492  0.04273349]
 [ 2.72072052  1.69177812  1.69177812  5.01200146 -4.38623492  4.71668097
   4.95075907 -5.46281658 -6.93313602 -3.30475973  0.04273349]
 [ 4.95075907  1.69177812  1.69177812  5.01200146  2.72072052  4.71668097
  -4.38623492 -5.46281658 -6.93313602 -3.30475973  0.04273349]
 [-6.93313602  8.23313333  5.16298118  7.77208808  8.23313333  4.71668097
   4.95075907  6.49885295 -7.15631789 -4.38623492  0.04273349]
 [-7.15631789  8.23313333  5.16298118  7.77208808  4.95075907  4.71668097
   8.23313333  6.49885295 -6.93313602 -4.38623492  0.04273349]
 [ 2.72072052  1.69177812  1.69177812  4.71668097 -4.38623492  5.01200146
   4.95075907 -5.46281658 -6.93313602 -3.30475973  0.04273349]]
----------------------------------------------
new population [[ 1.69177812  2.22921526  4.71668097  8.86228173 -4.38623492 -7.98504601
   8.44756441  8.23313333 -6.93313602 -1.64124701  0.04273349]
 [ 8.23313333 -7.98504601  4.71668097  8.86228173 -4.38623492  2.22921526
   8.44756441  1.69177812 -6.93313602 -1.64124701  0.04273349]
 [ 4.95075907 -4.77416571  8.23313333 -0.70198425 -4.38623492  2.22921526
   8.44756441  1.69177812 -6.93313602 -1.64124701  0.04273349]
 [ 2.72072052  1.69177812  1.69177812 -6.93313602 -4.38623492  2.22921526
   8.44756441  1.69177812  5.01200146 -1.64124701  0.04273349]
 [-5.46281658 -7.98504601  3.30298067  8.23313333 -4.38623492  4.71668097
   4.95075907  2.22921526 -6.93313602 -3.30475973  0.04273349]
 [ 4.95075907  4.95075907  8.23313333 -0.70198425 -5.46281658  4.71668097
   4.95075907 -4.38623492 -6.93313602 -3.30475973  0.04273349]
 [-7.15631789 -6.93313602  5.16298118  7.77208808 -4.38623492  4.71668097
  -4.77416571 -5.46281658  8.23313333 -3.30475973  0.04273349]
 [ 4.95075907 -4.77416571  8.23313333  4.71668097 -4.38623492 -0.70198425
   4.71668097 -5.46281658 -6.93313602 -3.30475973  0.04273349]
 [-6.93313602  8.44756441 -6.93313602 -8.95667907 -4.38623492  2.22921526
  -9.3512788   1.69177812  4.95075907 -1.64124701  0.04273349]
 [ 4.95075907  8.44756441  8.23313333 -0.70198425 -4.38623492  2.22921526
   4.95075907  1.69177812  5.01200146 -1.64124701  0.04273349]
 [ 2.72072052  1.69177812 -6.93313602  1.69177812 -4.38623492  4.71668097
  -4.77416571 -5.46281658 -6.93313602 -3.30475973  0.04273349]
 [ 0.04273349  8.23313333  5.16298118 -6.93313602 -4.38623492  4.71668097
  -4.77416571 -5.46281658  7.77208808 -3.30475973 -7.15631789]
 [ 4.95075907 -6.93313602  4.95075907 -0.70198425 -4.38623492  4.71668097
   4.95075907 -5.46281658  8.23313333 -3.30475973  0.04273349]
 [ 4.95075907 -9.3512788  -5.46281658 -8.95667907 -4.38623492  4.71668097
  -4.77416571 -6.93313602 -6.93313602 -3.30475973  0.04273349]
 [-5.46281658  4.95075907  8.23313333 -0.70198425 -4.38623492  4.71668097
   4.71668097  4.95075907 -6.93313602 -3.30475973  0.04273349]
 [-6.93313602  4.95075907  8.23313333 -0.70198425  4.95075907  4.71668097
   4.95075907 -5.46281658 -4.38623492 -3.30475973  0.04273349]
 [-7.15631789  8.23313333 -6.93313602  7.77208808 -4.38623492  4.71668097
  -4.77416571 -5.46281658  5.16298118 -3.30475973  0.04273349]
 [-7.15631789  8.23313333  5.16298118  7.77208808  2.22921526 -4.38623492
   8.44756441  1.69177812 -6.93313602 -1.64124701  0.04273349]
 [ 4.95075907 -4.77416571  4.71668097  0.04273349 -4.38623492  8.23313333
   4.95075907 -5.46281658 -6.93313602 -3.30475973 -0.70198425]
 [ 4.95075907  4.95075907  4.95075907 -0.70198425 -4.38623492  4.71668097
   8.23313333 -5.46281658 -6.93313602 -3.30475973  0.04273349]
 [-7.15631789  8.23313333  5.16298118  7.77208808 -4.38623492  4.71668097
  -4.77416571 -5.46281658 -6.93313602 -3.30475973  0.04273349]
 [ 4.95075907 -4.77416571  8.23313333 -0.70198425 -4.38623492  4.71668097
  -4.77416571 -5.46281658 -6.93313602 -3.30475973  0.04273349]
 [ 4.95075907  4.95075907  8.23313333 -0.70198425 -4.38623492  2.22921526
   8.44756441  1.69177812 -6.93313602 -1.64124701  0.04273349]
 [ 4.95075907  2.22921526  1.69177812 -8.95667907 -4.38623492 -9.3512788
   8.44756441 -6.93313602 -6.93313602 -1.64124701  0.04273349]
 [ 4.95075907 -4.77416571  8.23313333 -0.70198425 -4.38623492  4.71668097
   4.71668097 -5.46281658 -6.93313602 -3.30475973  0.04273349]]
8 ////////////////////////////////////////////////////////////////////////
idx: 0 	 error_val: [1.2054476377793603e+30, 2.1872429588860966e+30]
idx: 1 	 error_val: [1.2073947987645117e+30, 2.1905924465250537e+30]
idx: 2 	 error_val: [1.2073947994368322e+30, 2.1905924474615285e+30]
idx: 3 	 error_val: [1.422622235627308e+30, 2.5365366543424466e+30]
idx: 4 	 error_val: [2.971806300307805e+30, 5.147757996100396e+30]
idx: 5 	 error_val: [2.9764521784590414e+30, 5.15481995441364e+30]
idx: 6 	 error_val: [3.192924861344461e+30, 5.579905318978932e+30]
idx: 7 	 error_val: [2.9772090824130425e+30, 5.155970017088336e+30]
idx: 8 	 error_val: [1.421266849277572e+30, 2.5343989134162748e+30]
idx: 9 	 error_val: [1.4225900662807765e+30, 2.5364889037890456e+30]
idx: 10 	 error_val: [2.9771495589071e+30, 5.155868515449264e+30]
idx: 11 	 error_val: [2.9124413900700144e+34, 4.0116801297143265e+34]
idx: 12 	 error_val: [3.193000695468385e+30, 5.580029532960388e+30]
idx: 13 	 error_val: [2.9781829901318594e+30, 5.157439252735856e+30]
idx: 14 	 error_val: [2.969895035813423e+30, 5.144852293836195e+30]
idx: 15 	 error_val: [3.0095472171239426e+30, 5.221829662768254e+30]
idx: 16 	 error_val: [3.144738658174945e+30, 5.487880662413563e+30]
idx: 17 	 error_val: [1.2073957716857565e+30, 2.1905939570589866e+30]
idx: 18 	 error_val: [2.982327167868248e+32, 3.9430406252449154e+32]
idx: 19 	 error_val: [2.9772286742277433e+30, 5.156004049910945e+30]
idx: 20 	 error_val: [2.9771495579632936e+30, 5.15586851413964e+30]
idx: 21 	 error_val: [2.977149559309336e+30, 5.155868515997876e+30]
idx: 22 	 error_val: [1.2073947994364975e+30, 2.190592447461117e+30]
idx: 23 	 error_val: [1.2099731609535429e+30, 2.1950245549779736e+30]
idx: 24 	 error_val: [2.9772072850589495e+30, 5.155967407845647e+30]
population [[ 1.69177812  2.22921526  4.71668097  8.86228173 -4.38623492 -7.98504601
   8.44756441  8.23313333 -6.93313602 -1.64124701  0.04273349]
 [ 8.23313333 -7.98504601  4.71668097  8.86228173 -4.38623492  2.22921526
   8.44756441  1.69177812 -6.93313602 -1.64124701  0.04273349]
 [ 4.95075907 -4.77416571  8.23313333 -0.70198425 -4.38623492  2.22921526
   8.44756441  1.69177812 -6.93313602 -1.64124701  0.04273349]
 [ 2.72072052  1.69177812  1.69177812 -6.93313602 -4.38623492  2.22921526
   8.44756441  1.69177812  5.01200146 -1.64124701  0.04273349]
 [-5.46281658 -7.98504601  3.30298067  8.23313333 -4.38623492  4.71668097
   4.95075907  2.22921526 -6.93313602 -3.30475973  0.04273349]
 [ 4.95075907  4.95075907  8.23313333 -0.70198425 -5.46281658  4.71668097
   4.95075907 -4.38623492 -6.93313602 -3.30475973  0.04273349]
 [-7.15631789 -6.93313602  5.16298118  7.77208808 -4.38623492  4.71668097
  -4.77416571 -5.46281658  8.23313333 -3.30475973  0.04273349]
 [ 4.95075907 -4.77416571  8.23313333  4.71668097 -4.38623492 -0.70198425
   4.71668097 -5.46281658 -6.93313602 -3.30475973  0.04273349]
 [-6.93313602  8.44756441 -6.93313602 -8.95667907 -4.38623492  2.22921526
  -9.3512788   1.69177812  4.95075907 -1.64124701  0.04273349]
 [ 4.95075907  8.44756441  8.23313333 -0.70198425 -4.38623492  2.22921526
   4.95075907  1.69177812  5.01200146 -1.64124701  0.04273349]
 [ 2.72072052  1.69177812 -6.93313602  1.69177812 -4.38623492  4.71668097
  -4.77416571 -5.46281658 -6.93313602 -3.30475973  0.04273349]
 [ 0.04273349  8.23313333  5.16298118 -6.93313602 -4.38623492  4.71668097
  -4.77416571 -5.46281658  7.77208808 -3.30475973 -7.15631789]
 [ 4.95075907 -6.93313602  4.95075907 -0.70198425 -4.38623492  4.71668097
   4.95075907 -5.46281658  8.23313333 -3.30475973  0.04273349]
 [ 4.95075907 -9.3512788  -5.46281658 -8.95667907 -4.38623492  4.71668097
  -4.77416571 -6.93313602 -6.93313602 -3.30475973  0.04273349]
 [-5.46281658  4.95075907  8.23313333 -0.70198425 -4.38623492  4.71668097
   4.71668097  4.95075907 -6.93313602 -3.30475973  0.04273349]
 [-6.93313602  4.95075907  8.23313333 -0.70198425  4.95075907  4.71668097
   4.95075907 -5.46281658 -4.38623492 -3.30475973  0.04273349]
 [-7.15631789  8.23313333 -6.93313602  7.77208808 -4.38623492  4.71668097
  -4.77416571 -5.46281658  5.16298118 -3.30475973  0.04273349]
 [-7.15631789  8.23313333  5.16298118  7.77208808  2.22921526 -4.38623492
   8.44756441  1.69177812 -6.93313602 -1.64124701  0.04273349]
 [ 4.95075907 -4.77416571  4.71668097  0.04273349 -4.38623492  8.23313333
   4.95075907 -5.46281658 -6.93313602 -3.30475973 -0.70198425]
 [ 4.95075907  4.95075907  4.95075907 -0.70198425 -4.38623492  4.71668097
   8.23313333 -5.46281658 -6.93313602 -3.30475973  0.04273349]
 [-7.15631789  8.23313333  5.16298118  7.77208808 -4.38623492  4.71668097
  -4.77416571 -5.46281658 -6.93313602 -3.30475973  0.04273349]
 [ 4.95075907 -4.77416571  8.23313333 -0.70198425 -4.38623492  4.71668097
  -4.77416571 -5.46281658 -6.93313602 -3.30475973  0.04273349]
 [ 4.95075907  4.95075907  8.23313333 -0.70198425 -4.38623492  2.22921526
   8.44756441  1.69177812 -6.93313602 -1.64124701  0.04273349]
 [ 4.95075907  2.22921526  1.69177812 -8.95667907 -4.38623492 -9.3512788
   8.44756441 -6.93313602 -6.93313602 -1.64124701  0.04273349]
 [ 4.95075907 -4.77416571  8.23313333 -0.70198425 -4.38623492  4.71668097
   4.71668097 -5.46281658 -6.93313602 -3.30475973  0.04273349]]
----------------------------------------------
new population [[ 1.69177812  2.22921526  4.71668097  8.86228173 -4.38623492 -7.98504601
   8.44756441  8.23313333 -6.93313602 -1.64124701  0.04273349]
 [ 8.23313333 -7.98504601  4.71668097  8.86228173 -4.38623492  2.22921526
   8.44756441  1.69177812 -6.93313602 -1.64124701  0.04273349]
 [ 4.95075907  4.95075907  8.23313333 -0.70198425 -4.38623492  2.22921526
   8.44756441  1.69177812 -6.93313602 -1.64124701  0.04273349]
 [ 4.95075907 -4.77416571  8.23313333 -0.70198425 -4.38623492  2.22921526
   8.44756441  1.69177812 -6.93313602 -1.64124701  0.04273349]
 [-7.15631789  8.23313333  5.16298118  7.77208808  2.22921526 -4.38623492
   8.44756441  1.69177812 -6.93313602 -1.64124701  0.04273349]
 [ 4.95075907  8.44756441  8.23313333 -0.70198425 -4.38623492  2.22921526
  -4.77416571  1.69177812 -6.93313602 -1.64124701  0.04273349]
 [ 8.23313333 -7.98504601  4.71668097  8.86228173 -4.38623492  2.22921526
   8.44756441  1.69177812 -6.93313602 -1.64124701  0.04273349]
 [ 1.69177812  2.22921526  4.71668097  8.86228173 -4.38623492  4.71668097
   4.95075907  2.22921526 -6.93313602 -3.30475973  0.04273349]
 [-5.46281658 -7.98504601  3.30298067 -1.64124701 -4.38623492 -7.98504601
   8.44756441  8.23313333 -6.93313602  8.23313333  0.04273349]
 [ 1.69177812  2.22921526  4.71668097  8.86228173 -4.38623492  2.22921526
   8.44756441  1.69177812 -6.93313602 -1.64124701  0.04273349]
 [-1.64124701 -7.98504601 -6.93313602  8.86228173  8.44756441 -7.98504601
  -4.38623492  8.23313333  4.71668097  8.23313333  0.04273349]
 [ 2.72072052  1.69177812  1.69177812 -6.93313602 -6.93313602  2.22921526
   8.44756441  1.69177812 -4.38623492 -1.64124701  0.04273349]
 [ 8.23313333  0.04273349  8.44756441  8.86228173 -4.38623492  2.22921526
   4.71668097  1.69177812  5.01200146 -1.64124701 -7.98504601]
 [ 0.04273349 -7.98504601 -1.64124701  8.86228173 -4.38623492  2.22921526
   8.44756441  1.69177812 -6.93313602  4.71668097  8.23313333]
 [ 4.95075907 -4.77416571  8.23313333 -0.70198425 -4.38623492  2.22921526
   8.44756441  1.69177812 -6.93313602 -1.64124701  0.04273349]
 [ 2.22921526  2.22921526  4.71668097  8.86228173 -4.38623492  1.69177812
   8.44756441  1.69177812 -6.93313602 -1.64124701  0.04273349]
 [-7.98504601 -7.98504601  4.71668097  8.23313333 -4.38623492  8.86228173
   8.44756441  8.23313333 -6.93313602 -1.64124701  0.04273349]
 [ 4.95075907 -4.77416571  8.23313333 -0.70198425 -4.38623492 -7.98504601
   8.44756441  8.23313333 -6.93313602 -1.64124701  0.04273349]
 [ 1.69177812  2.22921526 -6.93313602  8.86228173 -1.64124701  2.22921526
   8.44756441  1.69177812  4.71668097 -4.38623492  0.04273349]
 [-5.46281658  1.69177812 -1.64124701  8.23313333 -4.38623492  2.22921526
   8.44756441 -7.98504601 -6.93313602  3.30298067  0.04273349]
 [ 4.95075907 -3.30475973  2.22921526 -0.70198425 -4.38623492  4.71668097
   4.95075907  8.23313333 -6.93313602 -4.77416571  0.04273349]
 [ 1.69177812  2.22921526  4.71668097  8.86228173 -4.38623492  2.22921526
   8.44756441  1.69177812 -6.93313602 -1.64124701  0.04273349]
 [ 8.23313333 -7.98504601  4.71668097  8.86228173 -4.38623492 -7.98504601
   8.44756441  8.23313333 -6.93313602 -1.64124701  0.04273349]
 [-5.46281658 -7.98504601  3.30298067  8.23313333 -4.38623492  2.22921526
   8.44756441  1.69177812 -6.93313602 -1.64124701  0.04273349]
 [ 8.23313333 -7.98504601  4.71668097  4.95075907 -4.38623492  4.71668097
   8.86228173  2.22921526 -6.93313602 -3.30475973  0.04273349]]
9 ////////////////////////////////////////////////////////////////////////
idx: 0 	 error_val: [1.2054476377793603e+30, 2.1872429588860966e+30]
idx: 1 	 error_val: [1.2073947987645117e+30, 2.1905924465250537e+30]
idx: 2 	 error_val: [1.2073947994364975e+30, 2.190592447461117e+30]
idx: 3 	 error_val: [1.2073947994368322e+30, 2.1905924474615285e+30]
idx: 4 	 error_val: [1.2073957716857565e+30, 2.1905939570589866e+30]
idx: 5 	 error_val: [1.2072910339467625e+30, 2.1904364067523585e+30]
idx: 6 	 error_val: [1.2073947987645117e+30, 2.1905924465250537e+30]
idx: 7 	 error_val: [2.9718063002097954e+30, 5.147757995964375e+30]
idx: 8 	 error_val: [2.055847806010759e+31, 2.569336561859648e+31]
idx: 9 	 error_val: [1.2073947987641544e+30, 2.1905924465246154e+30]
idx: 10 	 error_val: [2.1056328182794423e+31, 2.613579963151289e+31]
idx: 11 	 error_val: [1.2503804124015307e+30, 2.260366544392173e+30]
idx: 12 	 error_val: [3.617701207208734e+34, 4.995955037560715e+34]
idx: 13 	 error_val: [3.8603282738781974e+34, 5.311426010095703e+34]
idx: 14 	 error_val: [1.2073947994368322e+30, 2.1905924474615285e+30]
idx: 15 	 error_val: [1.2073948757831153e+30, 2.1905925664552883e+30]
idx: 16 	 error_val: [1.2054452293214913e+30, 2.1872392074446211e+30]
idx: 17 	 error_val: [1.2054476384504628e+30, 2.1872429598208542e+30]
idx: 18 	 error_val: [5.0256474509569906e+30, 8.44807414579373e+30]
idx: 19 	 error_val: [4.5024915605914683e+30, 5.157622672963911e+30]
idx: 20 	 error_val: [5.728800558881519e+30, 9.409164390346678e+30]
idx: 21 	 error_val: [1.2073947987641544e+30, 2.1905924465246154e+30]
idx: 22 	 error_val: [1.2054476377797163e+30, 2.1872429588865348e+30]
idx: 23 	 error_val: [1.2073947988057526e+30, 2.1905924465829317e+30]
idx: 24 	 error_val: [2.971830106299709e+30, 5.147798773320154e+30]
population [[ 1.69177812  2.22921526  4.71668097  8.86228173 -4.38623492 -7.98504601
   8.44756441  8.23313333 -6.93313602 -1.64124701  0.04273349]
 [ 8.23313333 -7.98504601  4.71668097  8.86228173 -4.38623492  2.22921526
   8.44756441  1.69177812 -6.93313602 -1.64124701  0.04273349]
 [ 4.95075907  4.95075907  8.23313333 -0.70198425 -4.38623492  2.22921526
   8.44756441  1.69177812 -6.93313602 -1.64124701  0.04273349]
 [ 4.95075907 -4.77416571  8.23313333 -0.70198425 -4.38623492  2.22921526
   8.44756441  1.69177812 -6.93313602 -1.64124701  0.04273349]
 [-7.15631789  8.23313333  5.16298118  7.77208808  2.22921526 -4.38623492
   8.44756441  1.69177812 -6.93313602 -1.64124701  0.04273349]
 [ 4.95075907  8.44756441  8.23313333 -0.70198425 -4.38623492  2.22921526
  -4.77416571  1.69177812 -6.93313602 -1.64124701  0.04273349]
 [ 8.23313333 -7.98504601  4.71668097  8.86228173 -4.38623492  2.22921526
   8.44756441  1.69177812 -6.93313602 -1.64124701  0.04273349]
 [ 1.69177812  2.22921526  4.71668097  8.86228173 -4.38623492  4.71668097
   4.95075907  2.22921526 -6.93313602 -3.30475973  0.04273349]
 [-5.46281658 -7.98504601  3.30298067 -1.64124701 -4.38623492 -7.98504601
   8.44756441  8.23313333 -6.93313602  8.23313333  0.04273349]
 [ 1.69177812  2.22921526  4.71668097  8.86228173 -4.38623492  2.22921526
   8.44756441  1.69177812 -6.93313602 -1.64124701  0.04273349]
 [-1.64124701 -7.98504601 -6.93313602  8.86228173  8.44756441 -7.98504601
  -4.38623492  8.23313333  4.71668097  8.23313333  0.04273349]
 [ 2.72072052  1.69177812  1.69177812 -6.93313602 -6.93313602  2.22921526
   8.44756441  1.69177812 -4.38623492 -1.64124701  0.04273349]
 [ 8.23313333  0.04273349  8.44756441  8.86228173 -4.38623492  2.22921526
   4.71668097  1.69177812  5.01200146 -1.64124701 -7.98504601]
 [ 0.04273349 -7.98504601 -1.64124701  8.86228173 -4.38623492  2.22921526
   8.44756441  1.69177812 -6.93313602  4.71668097  8.23313333]
 [ 4.95075907 -4.77416571  8.23313333 -0.70198425 -4.38623492  2.22921526
   8.44756441  1.69177812 -6.93313602 -1.64124701  0.04273349]
 [ 2.22921526  2.22921526  4.71668097  8.86228173 -4.38623492  1.69177812
   8.44756441  1.69177812 -6.93313602 -1.64124701  0.04273349]
 [-7.98504601 -7.98504601  4.71668097  8.23313333 -4.38623492  8.86228173
   8.44756441  8.23313333 -6.93313602 -1.64124701  0.04273349]
 [ 4.95075907 -4.77416571  8.23313333 -0.70198425 -4.38623492 -7.98504601
   8.44756441  8.23313333 -6.93313602 -1.64124701  0.04273349]
 [ 1.69177812  2.22921526 -6.93313602  8.86228173 -1.64124701  2.22921526
   8.44756441  1.69177812  4.71668097 -4.38623492  0.04273349]
 [-5.46281658  1.69177812 -1.64124701  8.23313333 -4.38623492  2.22921526
   8.44756441 -7.98504601 -6.93313602  3.30298067  0.04273349]
 [ 4.95075907 -3.30475973  2.22921526 -0.70198425 -4.38623492  4.71668097
   4.95075907  8.23313333 -6.93313602 -4.77416571  0.04273349]
 [ 1.69177812  2.22921526  4.71668097  8.86228173 -4.38623492  2.22921526
   8.44756441  1.69177812 -6.93313602 -1.64124701  0.04273349]
 [ 8.23313333 -7.98504601  4.71668097  8.86228173 -4.38623492 -7.98504601
   8.44756441  8.23313333 -6.93313602 -1.64124701  0.04273349]
 [-5.46281658 -7.98504601  3.30298067  8.23313333 -4.38623492  2.22921526
   8.44756441  1.69177812 -6.93313602 -1.64124701  0.04273349]
 [ 8.23313333 -7.98504601  4.71668097  4.95075907 -4.38623492  4.71668097
   8.86228173  2.22921526 -6.93313602 -3.30475973  0.04273349]]
----------------------------------------------
new population [[-7.98504601 -7.98504601  4.71668097  8.23313333 -4.38623492  8.86228173
   8.44756441  8.23313333 -6.93313602 -1.64124701  0.04273349]
 [ 1.69177812  2.22921526  4.71668097  8.86228173 -4.38623492 -7.98504601
   8.44756441  8.23313333 -6.93313602 -1.64124701  0.04273349]
 [ 8.23313333 -7.98504601  4.71668097  8.86228173 -4.38623492 -7.98504601
   8.44756441  8.23313333 -6.93313602 -1.64124701  0.04273349]
 [ 4.95075907 -4.77416571  8.23313333 -0.70198425 -4.38623492 -7.98504601
   8.44756441  8.23313333 -6.93313602 -1.64124701  0.04273349]
 [ 4.95075907  8.44756441  8.23313333 -0.70198425 -4.38623492  2.22921526
  -4.77416571  1.69177812 -6.93313602 -1.64124701  0.04273349]
 [ 8.23313333 -7.98504601  4.71668097  8.86228173 -6.93313602 -4.38623492
   8.44756441  1.69177812  2.22921526 -1.64124701  0.04273349]
 [-7.15631789  8.23313333  5.16298118  1.69177812  8.44756441  2.22921526
  -4.38623492  7.77208808 -6.93313602 -1.64124701  0.04273349]
 [ 1.69177812  2.22921526  4.71668097  8.86228173  2.22921526 -4.38623492
   8.44756441  1.69177812 -6.93313602 -1.64124701  0.04273349]
 [ 4.95075907  8.23313333  8.23313333 -0.70198425 -4.38623492 -7.98504601
   8.44756441  4.95075907 -6.93313602 -1.64124701  0.04273349]
 [ 4.95075907 -4.77416571  8.23313333 -0.70198425 -4.38623492 -7.98504601
   8.44756441  8.23313333 -6.93313602 -1.64124701  0.04273349]
 [ 1.69177812  8.44756441  4.71668097  1.69177812  2.22921526  2.22921526
  -4.38623492  8.86228173 -6.93313602 -1.64124701  0.04273349]
 [ 8.44756441 -6.93313602  5.16298118  7.77208808 -4.38623492  2.22921526
  -7.15631789  1.69177812  8.23313333 -1.64124701  0.04273349]
 [ 1.69177812 -7.98504601  4.71668097  8.44756441  2.22921526 -4.38623492
   8.86228173  8.23313333 -6.93313602 -1.64124701  0.04273349]
 [ 8.44756441 -4.77416571  8.23313333 -0.70198425 -4.38623492 -7.98504601
   4.95075907  8.23313333 -6.93313602 -1.64124701  0.04273349]
 [ 1.69177812  2.22921526  2.22921526 -6.93313602 -4.38623492  4.71668097
   8.44756441  1.69177812  8.86228173 -1.64124701  0.04273349]
 [ 4.95075907 -4.77416571  8.23313333 -4.38623492  2.22921526 -0.70198425
   8.44756441  1.69177812 -6.93313602 -1.64124701  0.04273349]
 [-7.15631789  8.23313333  5.16298118  7.77208808 -4.38623492  2.22921526
   8.44756441  1.69177812 -6.93313602 -1.64124701  0.04273349]
 [ 0.04273349  8.23313333  5.16298118 -6.93313602 -4.38623492 -7.98504601
   8.44756441  8.23313333  7.77208808 -1.64124701 -7.15631789]
 [ 1.69177812  2.22921526 -4.38623492  8.86228173  2.22921526  4.71668097
   8.44756441  1.69177812 -6.93313602 -1.64124701  0.04273349]
 [-7.15631789  8.23313333  5.16298118  7.77208808 -4.38623492 -7.98504601
   8.44756441  8.23313333 -6.93313602 -1.64124701  0.04273349]
 [ 1.69177812  1.69177812  4.71668097  8.86228173  2.22921526 -4.38623492
   8.44756441  2.22921526 -6.93313602 -1.64124701  0.04273349]
 [ 8.23313333 -7.98504601  4.71668097  8.86228173 -4.38623492 -7.98504601
   8.44756441  8.23313333 -6.93313602 -1.64124701  0.04273349]
 [ 1.69177812  2.22921526  4.71668097  8.86228173 -4.38623492  2.22921526
   8.44756441  1.69177812 -6.93313602 -1.64124701  0.04273349]
 [-7.15631789  8.23313333  5.16298118  7.77208808  1.69177812  2.22921526
   8.44756441 -4.38623492 -6.93313602 -1.64124701  0.04273349]
 [ 8.23313333 -7.98504601 -6.93313602  8.86228173  2.22921526 -4.38623492
   8.44756441  1.69177812  4.71668097 -1.64124701  0.04273349]]
