ALWAYS USE VPN WHILE RUNNING CODE ON SERVER

* client_moodle.py is the connection file
* q.py is the main code
* overfit.txt is the sample weight to check connection and gives optimal (here least) error
* rough1.txt is just a file used for testing basic python functions. It has no use here
* error for each chromosome/solution , initial pop, new pop are printed for each iteration
 => EX:

 here 5 is the itr no
 	5 ////////////////////////////////////////////////////////////////////////
idx: 0 	 error_val: [1.2073947994368322e+30, 2.1905924474615285e+30]
idx: 1 	 error_val: [2.9772087074960775e+30, 5.155969845095758e+30]
idx: 2 	 error_val: [4.8917148436095406e+30, 8.133781751929139e+30]
idx: 3 	 error_val: [8.620596557862889e+30, 1.028363796042656e+31]
idx: 4 	 error_val: [2.0432428709656524e+31, 2.557763456483117e+31]
idx: 5 	 error_val: [8.441713822548214e+30, 1.0057267539745682e+31]
idx: 6 	 error_val: [2.055136708401913e+31, 2.5684009811628013e+31]
idx: 7 	 error_val: [2.054685737998143e+31, 2.567800198971562e+31]
idx: 8 	 error_val: [7.969883848808157e+30, 9.461763809451203e+30]
idx: 9 	 error_val: [5.350471372693851e+34, 7.335800628169666e+34]
idx: 10 	 error_val: [4.8963495260051136e+30, 8.14064121918946e+30]
idx: 11 	 error_val: [2.054469855506175e+31, 2.567514503437949e+31]
idx: 12 	 error_val: [2.0529689049540465e+31, 2.5655282603885535e+31]
idx: 13 	 error_val: [2.0522165410651927e+31, 2.564532534380798e+31]
idx: 14 	 error_val: [2.0544438122005714e+31, 2.567486122278068e+31]
idx: 15 	 error_val: [2.054469750962018e+31, 2.567514362911764e+31]
idx: 16 	 error_val: [2.0522365426300634e+31, 2.56455900859682e+31]
idx: 17 	 error_val: [2.1030390521304744e+31, 2.6100362472346514e+31]
idx: 18 	 error_val: [2.054452903993128e+31, 2.5674960431597296e+31]
idx: 19 	 error_val: [2.054469751136292e+31, 2.567514363150005e+31]
idx: 20 	 error_val: [2.054469854864969e+31, 2.5675145025587737e+31]
idx: 21 	 error_val: [2.054452903993128e+31, 2.5674960431597296e+31]
idx: 22 	 error_val: [8.439480992766084e+33, 1.1957284053463825e+34]
idx: 23 	 error_val: [2.0551367145292673e+31, 2.5684009893990924e+31]
idx: 24 	 error_val: [2.0209310068828313e+31, 3.070813969735003e+31]
population [[ 4.95075907 -4.77416571  8.23313333 -0.70198425 -4.38623492  2.22921526
   8.44756441  1.69177812 -6.93313602 -1.64124701  0.04273349]
 [-7.15631789  8.23313333  5.16298118  7.77208808 -4.38623492  4.71668097
   4.95075907 -5.46281658 -6.93313602 -3.30475973  0.04273349]
 [ 2.72072052  1.69177812  1.69177812  5.01200146  8.23313333  4.71668097
   4.95075907  6.49885295 -6.93313602 -4.38623492  0.04273349]
 [ 2.72072052  1.69177812  6.49885295  8.23313333  1.69177812  4.71668097
   4.95075907 -4.38623492 -6.93313602  5.01200146  0.04273349]
 [ 4.71668097 -9.3512788  -6.93313602 -8.95667907  4.71668097  4.95075907
  -4.38623492  1.69177812 -9.66712895  8.23313333  0.04273349]
 [-9.05091397 -6.6761717   1.69177812  3.90513275  8.23313333  4.71668097
  -4.38623492 -8.13871642 -6.93313602  4.95075907  0.04273349]
 [ 4.7796035  -7.98504601  3.30298067  8.86228173  1.69177812  4.71668097
  -4.38623492  4.95075907 -6.93313602  8.23313333  0.04273349]
 [ 1.69177812  1.69177812  6.49885295  5.01200146 -4.38623492  3.30298067
   4.95075907  2.72072052 -6.93313602  8.23313333  0.04273349]
 [ 8.23313333 -7.98504601  4.71668097  8.86228173 -4.38623492  4.71668097
   4.95075907 -5.46281658 -6.93313602  4.7796035   0.04273349]
 [ 4.71668097 -9.3512788   0.04273349  8.23313333  4.95075907  4.71668097
  -4.38623492  1.69177812 -6.93313602 -8.95667907 -9.66712895]
 [ 2.22921526 -7.98504601  3.30298067  8.23313333  8.86228173  4.7796035
   4.95075907  1.69177812 -6.93313602 -4.38623492  0.04273349]
 [ 2.72072052  1.69177812  6.49885295  5.01200146 -4.38623492  3.30298067
   4.95075907  1.69177812 -6.93313602  8.23313333  0.04273349]
 [ 4.95075907 -7.98504601  4.71668097  8.86228173 -4.38623492  4.71668097
   4.7796035  -5.46281658 -6.93313602  8.23313333  0.04273349]
 [ 1.69177812 -6.6761717  -8.13871642  3.90513275 -4.38623492  2.22921526
   4.95075907 -9.05091397 -6.93313602  8.23313333  0.04273349]
 [ 4.71668097 -4.38623492 -9.66712895 -8.95667907  4.95075907  4.71668097
  -9.3512788   1.69177812 -6.93313602  8.23313333  0.04273349]
 [ 2.72072052  1.69177812  6.49885295  5.01200146 -4.38623492  2.22921526
   4.95075907  1.69177812 -6.93313602  8.23313333  0.04273349]
 [-5.46281658 -9.3512788  -9.66712895  4.71668097 -4.38623492  4.71668097
   4.95075907 -8.95667907 -6.93313602  8.23313333  0.04273349]
 [-6.93313602 -7.98504601  3.30298067  8.86228173  4.71668097 -4.38623492
   4.95075907 -5.46281658  4.7796035   8.23313333  0.04273349]
 [ 2.72072052  1.69177812  6.49885295  5.01200146  4.95075907  4.71668097
  -4.38623492  1.69177812 -6.93313602  8.23313333  0.04273349]
 [ 4.7796035  -7.98504601  4.71668097  8.86228173 -4.38623492  2.22921526
   4.95075907  1.69177812 -6.93313602  8.23313333  0.04273349]
 [ 4.71668097 -9.3512788  -9.66712895 -8.95667907 -4.38623492  3.30298067
   4.95075907  1.69177812 -6.93313602  8.23313333  0.04273349]
 [ 2.72072052  1.69177812  6.49885295  5.01200146  4.95075907  4.71668097
  -4.38623492  1.69177812 -6.93313602  8.23313333  0.04273349]
 [ 8.23313333 -6.6761717  -8.13871642  0.04273349 -4.38623492  4.71668097
   4.95075907 -5.46281658 -6.93313602 -9.05091397  3.90513275]
 [ 4.71668097 -7.98504601  3.30298067  8.86228173  1.69177812  4.7796035
  -4.38623492  4.95075907 -6.93313602  8.23313333  0.04273349]
 [ 8.23313333 -6.93313602 -8.13871642  3.90513275  4.95075907  4.71668097
  -4.38623492  1.69177812 -6.6761717  -9.05091397  0.04273349]]
----------------------------------------------
new population [[ 4.95075907 -4.77416571  8.23313333 -0.70198425 -4.38623492  2.22921526
   8.44756441  1.69177812 -6.93313602 -1.64124701  0.04273349]
 [-7.15631789  8.23313333  5.16298118  7.77208808 -4.38623492  4.71668097
   4.95075907 -5.46281658 -6.93313602 -3.30475973  0.04273349]
 [ 2.72072052  1.69177812  1.69177812  5.01200146  8.23313333  4.71668097
   4.95075907  6.49885295 -6.93313602 -4.38623492  0.04273349]
 [ 2.22921526 -7.98504601  3.30298067  8.23313333  8.86228173  4.7796035
   4.95075907  1.69177812 -6.93313602 -4.38623492  0.04273349]
 [ 8.23313333 -7.98504601  4.71668097  8.86228173 -4.38623492  4.71668097
   4.95075907 -5.46281658 -6.93313602  4.7796035   0.04273349]
 [ 2.72072052  1.69177812  1.69177812  5.01200146 -4.38623492  4.71668097
   4.95075907 -5.46281658 -6.93313602 -3.30475973  0.04273349]
 [-7.15631789 -4.38623492  5.16298118  7.77208808  8.23313333  4.71668097
   4.95075907  6.49885295 -6.93313602  8.23313333  0.04273349]
 [ 4.71668097 -9.3512788  -6.93313602 -8.95667907 -4.38623492  4.71668097
   4.95075907 -5.46281658 -6.93313602 -3.30475973  0.04273349]
 [-7.15631789  8.23313333  5.16298118  7.77208808  4.71668097  4.95075907
  -4.38623492  1.69177812 -9.66712895  8.23313333  0.04273349]
 [-7.15631789  8.23313333  5.16298118  7.77208808 -1.64124701  2.22921526
   8.44756441  1.69177812 -6.93313602 -4.38623492  0.04273349]
 [ 4.95075907 -4.77416571  8.23313333 -0.70198425 -4.38623492  4.71668097
   4.95075907 -5.46281658 -6.93313602 -3.30475973  0.04273349]
 [ 1.69177812  2.72072052  1.69177812 -4.38623492  4.71668097  4.95075907
   5.01200146  1.69177812 -9.66712895  8.23313333  0.04273349]
 [ 0.04273349 -9.3512788  -6.93313602  4.95075907  8.23313333  4.71668097
  -8.95667907  6.49885295 -6.93313602 -4.38623492  4.71668097]
 [ 2.72072052  1.69177812  1.69177812  5.01200146 -4.38623492  4.71668097
   4.95075907 -5.46281658 -6.93313602 -3.30475973  0.04273349]
 [-7.15631789  8.23313333  5.16298118  7.77208808  4.95075907  4.71668097
   8.23313333  6.49885295 -6.93313602 -4.38623492  0.04273349]
 [ 4.95075907  4.95075907  8.23313333 -0.70198425 -4.38623492  4.71668097
  -4.77416571 -5.46281658 -6.93313602 -3.30475973  0.04273349]
 [-7.15631789 -1.64124701  5.16298118  7.77208808 -4.38623492  2.22921526
   8.44756441  1.69177812 -6.93313602  8.23313333  0.04273349]
 [ 2.72072052  1.69177812  1.69177812 -6.93313602 -4.38623492  2.22921526
   8.44756441  1.69177812  5.01200146 -1.64124701  0.04273349]
 [ 4.95075907 -4.77416571  8.23313333 -0.70198425  8.23313333  4.71668097
   4.95075907  6.49885295 -6.93313602 -4.38623492  0.04273349]
 [-7.15631789  8.23313333  5.16298118  7.77208808  4.71668097  4.95075907
  -4.38623492  1.69177812 -9.66712895  8.23313333  0.04273349]
 [ 4.71668097 -9.3512788  -3.30475973 -8.95667907 -4.38623492  4.71668097
   4.95075907 -5.46281658 -6.93313602 -6.93313602  0.04273349]
 [-6.93313602  1.69177812  1.69177812  5.01200146 -4.38623492  4.71668097
   4.95075907 -5.46281658  2.72072052 -3.30475973  0.04273349]
 [ 4.71668097  0.04273349  5.16298118  7.77208808  8.23313333 -7.15631789
   4.95075907  6.49885295 -6.93313602 -4.38623492  8.23313333]
 [-7.15631789  8.23313333  5.16298118  7.77208808  4.71668097  4.95075907
  -4.38623492  1.69177812 -9.66712895  8.23313333  0.04273349]
 [ 4.95075907 -9.3512788  -6.93313602 -8.95667907 -4.38623492  4.71668097
   4.71668097 -5.46281658 -6.93313602 -3.30475973  0.04273349]] 
